# x y x_over_c Cp side
0.0711217 0.0393716 0.0711217 -0.483339 U
0.00384739 0.00974394 0.00384739 0.827442 U
0.957161 -0.0137753 0.957161 0.15264 L
0.891913 -0.00396594 0.891913 0.0455478 L
0.0421028 0.0318488 0.0421028 -0.285578 U
0.065262 0.0380901 0.065262 -0.433032 U
0.0799454 0.0411307 0.0799454 -0.545579 U
0.974939 -0.0165668 0.974939 0.200692 L
0.044964 0.0327476 0.044964 -0.323331 U
0.591345 0.0335208 0.591345 -1.04122 U
0.00159645 0.00420195 0.00159645 1.07079 U
0.99271 -0.0193857 0.99271 0.191003 L
0.0308097 0.0278086 0.0308097 -0.167213 U
0.0888025 0.0427139 0.0888025 -0.565374 U
0.998405 -0.0211786 0.998405 0.307031 L
0.0252909 0.0254609 0.0252909 -0.0713809 U
0.112538 0.0462093 0.112538 -0.596854 U
0.971976 -0.0161003 0.971976 0.191428 L
0.12147 0.0472941 0.12147 -0.627881 U
0.954198 -0.0133148 0.954198 0.146437 L
0.100653 0.0445809 0.100653 -0.606407 U
0.862225 0.000297375 0.862225 0.0102129 U
0.106592 0.0454225 0.106592 -0.63048 U
0.0536137 0.0352231 0.0536137 -0.384892 U
0.588361 0.0338254 0.588361 -1.04138 U
0.888945 -0.0035342 0.888945 0.0417581 L
0.0172793 0.021376 0.0172793 0.099259 U
0.0594243 0.0367112 0.0594243 -0.421399 U
0.883008 -0.00267386 0.883008 0.0341653 L
0.379103 0.0505177 0.379103 -0.970231 U
0.966051 -0.015167 0.966051 0.174297 L
0.948269 -0.0123999 0.948269 0.133792 L
0.349145 0.0519245 0.349145 -0.941126 U
0.340154 0.052278 0.340154 -0.933903 U
0.939375 -0.0110401 0.939375 0.117188 L
0.0122222 0.0181571 0.0122222 0.257272 U
0.927515 -0.00923824 0.927515 0.0949538 L
0.0740588 0.0399788 0.0740588 -0.524782 U
0.915651 -0.00745645 0.915651 0.0766306 L
0.471874 0.0443999 0.471874 -1.02442 U
0.579409 0.0347283 0.579409 -1.04042 U
0.486822 0.043201 0.486822 -1.02835 U
0.88004 -0.0022454 0.88004 0.0302743 L
0.995544 -0.0233379 0.995544 0.14696 L
0.0828944 0.041677 0.0828944 -0.568454 U
0.274193 0.0538782 0.274193 -0.889305 U
0.280192 0.0538175 0.280192 -0.8903 U
0.856285 0.00113294 0.856285 0.00428269 U
0.0809976 -0.0452532 0.0809976 -0.264497 L
0.0722445 -0.0431711 0.0722445 -0.223823 L
0.0392548 0.030909 0.0392548 -0.263523 U
0.166867 -0.0587793 0.166867 -0.490194 L
0.151321 0.0501801 0.151321 -0.756694 U
0.271194 0.0539013 0.271194 -0.888176 U
0.139369 0.049152 0.139369 -0.726901 U
0.18724 0.052419 0.18724 -0.802313 U
0.01889 -0.0236714 0.01889 0.349246 L
0.181249 0.0521242 0.181249 -0.790285 U
0.17526 0.0517999 0.17526 -0.778836 U
0.268585 -0.0656793 0.268585 -0.617702 L
0.346547 -0.0671046 0.346547 -0.652095 L
0.355545 -0.0671112 0.355545 -0.655805 L
0.394077 0.0496967 0.394077 -0.981841 U
0.400065 0.0493493 0.400065 -0.985795 U
0.628234 -0.05687 0.628234 -0.23025 L
0.439511 -0.0658738 0.439511 -0.408044 L
0.397532 -0.0667529 0.397532 -0.390785 L
0.535412 -0.0621817 0.535412 -0.317881 L
0.388088 0.0500335 0.388088 -0.976945 U
0.364126 0.0512635 0.364126 -0.956039 U
0.370117 0.0509748 0.370117 -0.961805 U
0.301563 -0.0666073 0.301563 -0.653038 L
0.358134 0.0515387 0.358134 -0.949334 U
0.376108 0.0506731 0.376108 -0.967225 U
0.45094 0.0459924 0.45094 -1.01403 U
0.459913 0.0453232 0.459913 -1.01967 U
0.789715 -0.0445143 0.789715 -0.0829903 L
0.43299 0.0472639 0.43299 -1.00324 U
0.792703 -0.0442535 0.792703 -0.0805617 L
0.468884 0.0446339 0.468884 -1.02372 U
0.16985 -0.0590912 0.16985 -0.489431 L
0.496462 -0.0639263 0.496462 -0.353397 L
0.477854 0.043926 0.477854 -1.02601 U
0.918087 -0.0321774 0.918087 0.0637447 L
0.220211 0.0535498 0.220211 -0.84526 U
0.424012 0.0478626 0.424012 -0.99695 U
0.337157 0.0523895 0.337157 -0.931766 U
0.483833 0.0434444 0.483833 -1.02809 U
0.346148 0.0520457 0.346148 -0.936952 U
0.475483 -0.0647278 0.475483 -0.372846 L
0.0751574 -0.0438849 0.0751574 -0.231073 L
0.409046 0.0488093 0.409046 -0.989964 U
0.0839242 -0.045909 0.0839242 -0.270434 L
0.12445 0.0476317 0.12445 -0.653609 U
0.823605 0.0056503 0.823605 -0.0263594 U
0.157302 0.0506366 0.157302 -0.765741 U
0.145343 0.049686 0.145343 -0.740237 U
0.897848 -0.00483217 0.897848 0.0535202 L
0.214215 0.0534035 0.214215 -0.835942 U
0.143038 -0.0559785 0.143038 -0.430369 L
0.205221 0.0531355 0.205221 -0.828112 U
0.421521 -0.0663122 0.421521 -0.409259 L
0.507743 0.0414481 0.507743 -1.031 U
0.307179 0.0533174 0.307179 -0.90935 U
0.00692303 -0.0147136 0.00692303 0.813693 L
0.516707 0.0406657 0.516707 -1.0321 U
0.271582 -0.065787 0.271582 -0.616823 L
0.33755 -0.0670656 0.33755 -0.654775 L
0.331162 0.0526028 0.331162 -0.926649 U
0.349547 -0.0671105 0.349547 -0.652354 L
0.631227 -0.0566744 0.631227 -0.227968 L
0.232634 -0.0640191 0.232634 -0.605613 L
0.400531 -0.0667061 0.400531 -0.39171 L
0.495789 0.0424602 0.495789 -1.02795 U
0.865195 -0.000122797 0.865195 0.0133044 L
0.444958 0.0464266 0.444958 -1.01028 U
0.295186 0.053583 0.295186 -0.899847 U
0.304561 -0.0666656 0.304561 -0.657275 L
0.358544 -0.0671062 0.358544 -0.654344 L
0.698654 0.0215946 0.698654 -0.100796 U
0.442509 -0.0657912 0.442509 -0.406081 L
0.799826 0.00884871 0.799826 -0.0462501 U
0.247201 0.0539202 0.247201 -0.869475 U
0.418026 0.048248 0.418026 -0.995006 U
0.841433 0.00320054 0.841433 -0.00871496 U
0.193233 0.0526852 0.193233 -0.814565 U
0.47848 -0.0646186 0.47848 -0.369413 L
0.289188 0.0536904 0.289188 -0.893048 U
0.385536 -0.0669141 0.385536 -0.603931 L
0.4545 -0.0654359 0.4545 -0.395501 L
0.740334 0.0165148 0.740334 -0.0844801 U
0.41204 0.0486245 0.41204 -0.991705 U
0.499459 -0.063805 0.499459 -0.351361 L
0.528655 0.039593 0.528655 -1.03387 U
0.220659 -0.063299 0.220659 -0.573191 L
0.498778 0.0422101 0.498778 -1.02833 U
0.795691 -0.0439916 0.795691 -0.0782371 L
0.92107 -0.0318625 0.92107 0.0684024 L
0.526425 -0.062615 0.526425 -0.327796 L
0.649182 -0.0554766 0.649182 -0.210882 L
0.534629 0.039045 0.534629 -1.03539 U
0.538408 -0.0620337 0.538408 -0.314402 L
0.187763 -0.0608036 0.187763 -0.548433 L
0.136383 0.0488695 0.136383 -0.721628 U
0.553384 -0.0612685 0.553384 -0.298949 L
0.703028 -0.0515964 0.703028 -0.161935 L
0.543587 0.0382093 0.543587 -1.03742 U
0.963088 -0.0147016 0.963088 0.167147 L
0.962812 -0.0273216 0.962812 0.146724 L
0.229207 0.0537237 0.229207 -0.853118 U
0.592314 -0.0591069 0.592314 -0.266477 L
0.576424 0.0350257 0.576424 -1.03959 U
0.945305 -0.0119456 0.945305 0.128335 L
0.178803 -0.0599806 0.178803 -0.541751 L
0.583331 -0.0596296 0.583331 -0.273915 L
0.549559 0.0376438 0.549559 -1.03809 U
0.199226 0.0529238 0.199226 -0.822165 U
0.122254 -0.0530148 0.122254 -0.389632 L
0.882284 -0.035845 0.882284 0.0156588 L
0.325167 0.0528028 0.325167 -0.922118 U
0.172265 0.0516263 0.172265 -0.774476 U
0.558515 0.0367837 0.558515 -1.0398 U
0.166278 0.0512553 0.166278 -0.772219 U
0.93641 -0.0105883 0.93641 0.11144 L
0.780751 -0.0452915 0.780751 -0.0916427 L
0.56747 0.0359106 0.56747 -1.03921 U
0.688074 -0.0527186 0.688074 -0.177022 L
0.679101 -0.0533769 0.679101 -0.186569 L
0.104509 -0.0500287 0.104509 -0.35699 L
0.57344 0.0353219 0.57344 -1.03918 U
0.924549 -0.00879059 0.924549 0.0902346 L
0.0635384 -0.0409005 0.0635384 -0.17339 L
0.091761 0.0432056 0.091761 -0.584496 U
0.671845 0.0247408 0.671845 -0.10737 U
0.157923 -0.0577949 0.157923 -0.465518 L
0.912684 -0.007015 0.912684 0.072557 L
0.0323136 -0.0303312 0.0323136 0.102438 L
0.722474 0.0187176 0.722474 -0.0915007 U
0.585377 0.0341283 0.585377 -1.04016 U
0.662906 0.0257641 0.662906 -0.108153 U
0.313176 0.0531607 0.313176 -0.914027 U
0.877071 -0.00181817 0.877071 0.026661 L
0.680782 0.0237041 0.680782 -0.105801 U
0.600294 0.0325962 0.600294 -1.03557 U
0.418523 -0.0663753 0.418523 -0.406575 L
0.903783 -0.00570146 0.903783 0.0608589 L
0.60626 0.0319715 0.60626 -0.114398 U
0.615208 0.0310226 0.615208 -0.103304 U
0.986661 -0.0246874 0.986661 0.189234 L
0.871133 -0.000967656 0.871133 0.0197923 L
0.781984 0.0111925 0.781984 -0.0582747 U
0.624154 0.0300607 0.624154 -0.103757 U
0.301183 0.0534584 0.301183 -0.906625 U
0.853315 0.00154835 0.853315 0.00149123 U
0.633098 0.0290867 0.633098 -0.105329 U
0.980867 -0.0174777 0.980867 0.216565 L
0.847374 0.00237609 0.847374 -0.00337024 U
0.22321 0.0536137 0.22321 -0.846012 U
0.773061 0.0123516 0.773061 -0.0645803 U
0.642042 0.0281017 0.642042 -0.106012 U
0.986798 -0.0183737 0.986798 0.211565 L
0.838462 0.0036114 0.838462 -0.0123083 U
0.645023 0.0277711 0.645023 -0.106422 U
0.829548 0.00483801 0.829548 -0.0208714 U
0.650984 0.0271068 0.650984 -0.106554 U
0.286189 0.0537374 0.286189 -0.893165 U
0.00229035 -0.00713385 0.00229035 1.18008 L
0.820633 0.00605468 0.820633 -0.0290182 U
0.811717 0.00726029 0.811717 -0.0367545 U
0.805772 0.00805735 0.805772 -0.04146 U
0.659926 0.026102 0.659926 -0.107944 U
0.77901 0.0115799 0.77901 -0.0606241 U
0.787932 0.010415 0.787932 -0.0535615 U
0.793879 0.00963415 0.793879 -0.0496243 U
0.755212 0.0146409 0.755212 -0.0762483 U
0.770087 0.012736 0.770087 -0.0667599 U
0.761162 0.0138824 0.761162 -0.0725492 U
0.235205 0.0538108 0.235205 -0.856306 U
0.752237 0.0150183 0.752237 -0.0780063 U
0.277193 0.0538503 0.277193 -0.889035 U
0.746286 0.0157693 0.746286 -0.081614 U
0.668865 0.0250834 0.668865 -0.107904 U
0.737358 0.0168855 0.737358 -0.0865063 U
0.241203 0.053876 0.241203 -0.86388 U
0.728428 0.0179887 0.728428 -0.0896507 U
0.719497 0.0190807 0.719497 -0.0929854 U
0.713542 0.0198041 0.713542 -0.0954214 U
0.683761 0.0233558 0.683761 -0.105355 U
0.163884 -0.0584594 0.163884 -0.482364 L
0.784958 0.0108042 0.784958 -0.0560816 U
0.704609 0.0208817 0.704609 -0.0986033 U
0.885977 -0.00310348 0.885977 0.0376619 L
0.888253 -0.0352444 0.888253 0.0232345 L
0.382537 -0.0669476 0.382537 -0.626371 L
0.685083 -0.0529394 0.685083 -0.179969 L
0.110416 -0.0510741 0.110416 -0.369673 L
0.298564 -0.0665449 0.298564 -0.647226 L
0.229639 -0.0638475 0.229639 -0.605137 L
0.115514 0.0465832 0.115514 -0.605984 U
0.786727 -0.0447742 0.786727 -0.0856213 L
0.472486 -0.0648351 0.472486 -0.373896 L
0.58932 -0.059283 0.58932 -0.268619 L
0.885269 -0.0355452 0.885269 0.0194377 L
0.674824 0.0243967 0.674824 -0.107022 U
0.783739 -0.0450333 0.783739 -0.0887775 L
0.682092 -0.0531588 0.682092 -0.183404 L
0.268195 0.05392 0.268195 -0.887396 U
0.776035 0.0119662 0.776035 -0.0624161 U
0.582393 0.0344292 0.582393 -1.04109 U
0.469488 -0.0649405 0.469488 -0.378364 L
0.586325 -0.0594572 0.586325 -0.271435 L
0.0378692 -0.0325918 0.0378692 0.040762 L
0.379538 -0.0669782 0.379538 -0.635809 L
0.4928 0.0427088 0.4928 -1.02756 U
0.665886 0.0254245 0.665886 -0.107948 U
0.406053 0.0489917 0.406053 -0.988452 U
0.594328 0.0332143 0.594328 -1.03997 U
0.597311 0.0329061 0.597311 -1.04097 U
0.603277 0.0322847 0.603277 -0.226781 U
0.295566 -0.0664785 0.295566 -0.640704 L
0.570455 0.0356169 0.570455 -1.03896 U
0.28319 0.0537798 0.28319 -0.889224 U
0.68674 0.0230061 0.68674 -0.104178 U
0.656945 0.0264383 0.656945 -0.107533 U
0.767112 0.0131193 0.767112 -0.0688602 U
0.609243 0.0316567 0.609243 -0.107482 U
0.653965 0.0267732 0.653965 -0.106919 U
0.564485 0.036203 0.564485 -1.04073 U
0.612225 0.0313404 0.612225 -0.104655 U
0.694056 -0.0522733 0.694056 -0.170728 L
0.501766 0.0419582 0.501766 -1.02894 U
0.692697 0.0223028 0.692697 -0.102589 U
0.648004 0.0274395 0.648004 -0.106691 U
0.5615 0.0364941 0.5615 -1.04 U
0.226645 -0.0636704 0.226645 -0.59359 L
0.764137 0.0135014 0.764137 -0.0706323 U
0.61819 0.0307034 0.61819 -0.103093 U
0.621172 0.0303827 0.621172 -0.103483 U
0.639061 0.0284312 0.639061 -0.105635 U
0.504755 0.0417043 0.504755 -1.03 U
0.63608 0.0287595 0.63608 -0.105227 U
0.627135 0.0297373 0.627135 -0.104297 U
0.630117 0.0294126 0.630117 -0.10496 U
0.55553 0.0370719 0.55553 -1.03956 U
0.691065 -0.0524966 0.691065 -0.174029 L
0.598301 -0.0587497 0.598301 -0.260525 L
0.160903 -0.0581314 0.160903 -0.47571 L
0.552544 0.0373586 0.552544 -1.03868 U
0.169272 0.0514448 0.169272 -0.773604 U
0.758187 0.0142623 0.758187 -0.0740564 U
0.510731 0.0411895 0.510731 -1.0312 U
0.391534 -0.0668388 0.391534 -0.370192 L
0.546573 0.0379274 0.546573 -1.03831 U
0.513719 0.0409287 0.513719 -1.03153 U
0.595308 -0.0589292 0.595308 -0.264069 L
0.484474 -0.0643947 0.484474 -0.363013 L
0.540601 0.0384896 0.540601 -1.03677 U
0.677803 0.0240511 0.677803 -0.106675 U
0.519694 0.0404006 0.519694 -1.0325 U
0.8793 -0.0361435 0.8793 0.011371 L
0.537615 0.0387682 0.537615 -1.0361 U
0.700037 -0.0518232 0.700037 -0.165084 L
0.522681 0.0401334 0.522681 -1.03302 U
0.531642 0.0393199 0.531642 -1.03474 U
0.525668 0.0398642 0.525668 -1.03404 U
0.415033 0.0484374 0.415033 -0.993696 U
0.927035 -0.0312282 0.927035 0.0782666 L
0.959832 -0.0276559 0.959832 0.139012 L
0.580337 -0.0598001 0.580337 -0.275745 L
0.95387 -0.0283194 0.95387 0.126368 L
0.801666 -0.0434633 0.801666 -0.0734438 L
0.915105 -0.0324908 0.915105 0.0586285 L
0.749261 0.0153944 0.749261 -0.0794603 U
0.689719 0.0226551 0.689719 -0.103582 U
0.697047 -0.0520489 0.697047 -0.167941 L
0.876316 -0.0364409 0.876316 0.00745444 L
0.481477 -0.0645076 0.481477 -0.365897 L
0.924052 -0.031546 0.924052 0.0728938 L
0.604289 -0.0583858 0.604289 -0.254811 L
0.932999 -0.0305887 0.932999 0.088438 L
0.74331 0.0161427 0.74331 -0.0832874 U
0.505452 -0.0635561 0.505452 -0.347505 L
0.388535 -0.0668778 0.388535 -0.451937 L
0.695675 0.0219493 0.695675 -0.101728 U
0.956851 -0.0279886 0.956851 0.132595 L
0.944926 -0.0292993 0.944926 0.110154 L
0.798678 -0.0437282 0.798678 -0.0760355 L
0.577342 -0.0599687 0.577342 -0.277512 L
0.938963 -0.0299453 0.938963 0.0994117 L
0.859255 0.000715971 0.859255 0.00710262 U
0.238623 -0.0643459 0.238623 -0.618993 L
0.950889 -0.0286482 0.950889 0.120485 L
0.930017 -0.030909 0.930017 0.0832201 L
0.574348 -0.0601357 0.574348 -0.279325 L
0.734381 0.0172547 0.734381 -0.087801 U
0.532417 -0.062328 0.532417 -0.321033 L
0.935981 -0.0302674 0.935981 0.0938916 L
0.947908 -0.0289748 0.947908 0.115026 L
0.941944 -0.0296226 0.941944 0.104622 L
0.731405 0.0176225 0.731405 -0.0886539 U
0.701632 0.0212387 0.701632 -0.0997142 U
0.490468 -0.0641638 0.490468 -0.357416 L
0.601295 -0.0585685 0.601295 -0.258022 L
0.310559 -0.0667706 0.310559 -0.666539 L
0.42102 0.0480564 0.42102 -0.996059 U
0.707587 0.0205236 0.707587 -0.0976664 U
0.725451 0.0183537 0.725451 -0.0905457 U
0.710565 0.0201644 0.710565 -0.0962375 U
0.71652 0.0194429 0.71652 -0.0938247 U
0.80764 -0.0429291 0.80764 -0.0677189 L
0.571353 -0.0603014 0.571353 -0.281695 L
0.502455 -0.0636817 0.502455 -0.349037 L
0.292187 0.0536389 0.292187 -0.896359 U
0.107461 -0.050558 0.107461 -0.364625 L
0.709009 -0.0511396 0.709009 -0.156449 L
0.493465 -0.0640458 0.493465 -0.355264 L
0.523429 -0.0627556 0.523429 -0.33063 L
0.529421 -0.0624724 0.529421 -0.324209 L
0.487471 -0.0642801 0.487471 -0.361115 L
0.813614 -0.0423894 0.813614 -0.0616118 L
0.850345 0.00196262 0.850345 -0.000735268 U
0.610276 -0.0580155 0.610276 -0.247969 L
0.517437 -0.0630309 0.517437 -0.336895 L
0.511445 -0.0632979 0.511445 -0.343555 L
0.873331 -0.0367369 0.873331 0.003595 L
0.804653 -0.0431969 0.804653 -0.0706016 L
0.706018 -0.0513685 0.706018 -0.159072 L
0.71499 -0.0506786 0.71499 -0.150952 L
0.427005 0.047666 0.427005 -0.999381 U
0.810627 -0.04266 0.810627 -0.0647207 L
0.394533 -0.0667972 0.394533 -0.385728 L
0.568359 -0.0604659 0.568359 -0.283553 L
0.607282 -0.0582014 0.607282 -0.251568 L
0.844403 0.00278875 0.844403 -0.00629912 U
0.544399 -0.0617325 0.544399 -0.30949 L
0.520433 -0.0628943 0.520433 -0.333755 L
0.711999 -0.0509096 0.711999 -0.153601 L
0.870347 -0.0370316 0.870347 -0.000469175 L
0.802799 0.00845376 0.802799 -0.0439219 U
0.30756 -0.06672 0.30756 -0.660497 L
0.514441 -0.0631655 0.514441 -0.340014 L
0.429998 0.0474664 0.429998 -1.00168 U
0.796852 0.00924216 0.796852 -0.0482768 U
0.508448 -0.0634281 0.508448 -0.346024 L
0.235628 -0.0641851 0.235628 -0.610797 L
0.565364 -0.0606291 0.565364 -0.286209 L
0.790905 0.010025 0.790905 -0.0516988 U
0.550389 -0.0614247 0.550389 -0.302187 L
0.616262 -0.0576392 0.616262 -0.241518 L
0.480843 0.0436861 0.480843 -1.02685 U
0.316557 -0.0668606 0.316557 -0.675391 L
0.541403 -0.0618839 0.541403 -0.31181 L
0.244614 -0.0646517 0.244614 -0.628188 L
0.343151 0.0521634 0.343151 -0.935104 U
0.974733 -0.0259751 0.974733 0.18274 L
0.977714 -0.0256444 0.977714 0.193933 L
0.835491 0.0040213 0.835491 -0.0149186 U
0.652175 -0.0552732 0.652175 -0.208509 L
0.435982 0.0470586 0.435982 -1.00511 U
0.874102 -0.00139223 0.874102 0.0229639 L
0.832519 0.00443019 0.832519 -0.0177863 U
0.298184 0.0535228 0.298184 -0.902033 U
0.971753 -0.026312 0.971753 0.172831 L
0.474864 0.0441639 0.474864 -1.02531 U
0.613269 -0.0578281 0.613269 -0.244619 L
0.547394 -0.0615794 0.547394 -0.305797 L
0.965793 -0.026986 0.965793 0.155003 L
0.438974 0.0468506 0.438974 -1.00673 U
0.968773 -0.0266493 0.968773 0.163691 L
0.562369 -0.0607911 0.562369 -0.289046 L
0.406528 -0.0666052 0.406528 -0.399741 L
0.403059 0.0491717 0.403059 -0.987242 U
0.441966 0.0466399 0.441966 -1.00883 U
0.826577 0.00524473 0.826577 -0.0234588 U
0.655167 -0.0550687 0.655167 -0.206728 L
0.465894 0.0448658 0.465894 -1.02213 U
0.462903 0.0450956 0.462903 -1.02097 U
0.447949 0.0462108 0.447949 -1.01239 U
0.867362 -0.0373248 0.867362 -0.00455005 L
0.322554 -0.0669362 0.322554 -0.676422 L
0.456922 0.0455486 0.456922 -1.01772 U
0.453931 0.0457717 0.453931 -1.01584 U
0.951234 -0.0128562 0.951234 0.139804 L
0.250605 -0.0649372 0.250605 -0.629275 L
0.463493 -0.0651451 0.463493 -0.38658 L
0.559374 -0.0609516 0.559374 -0.291862 L
0.226208 0.0536716 0.226208 -0.851899 U
0.817661 0.00645783 0.817661 -0.0312799 U
0.814689 0.00685971 0.814689 -0.0342111 U
0.313558 -0.0668175 0.313558 -0.669808 L
0.466491 -0.0650438 0.466491 -0.384005 L
0.808744 0.00765951 0.808744 -0.0391655 U
0.771787 -0.0460603 0.771787 -0.10021 L
0.903172 -0.0337264 0.903172 0.0434316 L
0.864377 -0.0376166 0.864377 -0.00835408 L
0.403529 -0.0666569 0.403529 -0.395191 L
0.738909 -0.048792 0.738909 -0.131352 L
0.900188 -0.0340316 0.900188 0.0399083 L
0.768798 -0.0463146 0.768798 -0.103193 L
0.460496 -0.0652442 0.460496 -0.389296 L
0.304181 0.0533899 0.304181 -0.907385 U
0.73293 -0.0492715 0.73293 -0.136855 L
0.837506 -0.0401812 0.837506 -0.0359155 L
0.241618 -0.0645013 0.241618 -0.62265 L
0.622248 -0.0572573 0.622248 -0.236362 L
0.373113 0.0508255 0.373113 -0.964485 U
0.72396 -0.0499799 0.72396 -0.143456 L
0.72097 -0.0502137 0.72097 -0.146251 L
0.352141 0.0517996 0.352141 -0.943061 U
0.735919 -0.0490325 0.735919 -0.134119 L
0.83452 -0.0404611 0.83452 -0.0390605 L
0.64619 -0.0556789 0.64619 -0.213806 L
0.319555 -0.0669002 0.319555 -0.675518 L
0.457498 -0.0653412 0.457498 -0.392155 L
0.72994 -0.0495091 0.72994 -0.139178 L
0.619255 -0.0574489 0.619255 -0.23909 L
0.625241 -0.0570643 0.625241 -0.23335 L
0.451503 -0.0655283 0.451503 -0.398596 L
0.71798 -0.0504466 0.71798 -0.148614 L
0.72695 -0.0497452 0.72695 -0.141089 L
0.367122 0.0511208 0.367122 -0.959005 U
0.906155 -0.0334202 0.906155 0.0464482 L
0.355138 0.051671 0.355138 -0.946772 U
0.643198 -0.0558802 0.643198 -0.217319 L
0.831534 -0.04074 0.831534 -0.0422877 L
0.33416 0.0524978 0.33416 -0.92846 U
0.36113 0.0514029 0.36113 -0.952685 U
0.328553 -0.0669979 0.328553 -0.672679 L
0.861392 -0.0379068 0.861392 -0.0114029 L
0.247609 -0.0647969 0.247609 -0.626555 L
0.382098 0.0503592 0.382098 -0.971793 U
0.415524 -0.0664361 0.415524 -0.405244 L
0.868164 -0.000544492 0.868164 0.0164499 L
0.118491 0.0469447 0.118491 -0.605742 U
0.385093 0.0501978 0.385093 -0.974479 U
0.556379 -0.0611108 0.556379 -0.295353 L
0.310178 0.053241 0.310178 -0.91065 U
0.640205 -0.0560805 0.640205 -0.219892 L
0.259594 -0.0653292 0.259594 -0.626269 L
0.637212 -0.0562796 0.637212 -0.222448 L
0.828548 -0.0410178 0.828548 -0.0455579 L
0.334551 -0.0670462 0.334551 -0.661961 L
0.661151 -0.0546551 0.661151 -0.202663 L
0.433515 -0.0660311 0.433515 -0.413011 L
0.909718 -0.00657534 0.909718 0.0679555 L
0.448505 -0.0656184 0.448505 -0.400413 L
0.409527 -0.0665511 0.409527 -0.401909 L
0.265588 -0.0655672 0.265588 -0.618576 L
0.858406 -0.0381955 0.858406 -0.0146718 L
0.178254 0.0519658 0.178254 -0.782695 U
0.912122 -0.0328024 0.912122 0.0538174 L
0.370541 -0.0670521 0.370541 -0.653687 L
0.292567 -0.0664078 0.292567 -0.639487 L
0.825561 -0.0412945 0.825561 -0.0486504 L
0.397071 0.0495243 0.397071 -0.983709 U
0.63422 -0.0564776 0.63422 -0.225167 L
0.232206 0.05377 0.232206 -0.85408 U
0.376539 -0.0670058 0.376539 -0.646088 L
0.489811 0.0429557 0.489811 -1.02863 U
0.777763 -0.0455488 0.777763 -0.0945817 L
0.364542 -0.0670858 0.364542 -0.658338 L
0.316174 0.0530767 0.316174 -0.913984 U
0.253199 0.0539442 0.253199 -0.874847 U
0.670126 -0.0540227 0.670126 -0.194838 L
0.412525 -0.0664948 0.412525 -0.402399 L
0.445507 -0.065706 0.445507 -0.401219 L
0.343548 -0.0670949 0.343548 -0.65266 L
0.819588 -0.0418444 0.819588 -0.0558681 L
0.676109 -0.0535936 0.676109 -0.189049 L
0.658159 -0.0548627 0.658159 -0.205037 L
0.319172 0.052989 0.319172 -0.916714 U
0.391082 0.0498665 0.391082 -0.979373 U
0.283573 -0.0661697 0.283573 -0.630327 L
0.262197 0.0539437 0.262197 -0.885303 U
0.822575 -0.0415701 0.822575 -0.052165 L
0.427518 -0.0661774 0.427518 -0.414768 L
0.846464 -0.0393358 0.846464 -0.0261464 L
0.277577 -0.065988 0.277577 -0.627038 L
0.325553 -0.0669687 0.325553 -0.672822 L
0.774775 -0.0458051 0.774775 -0.0972394 L
0.322169 0.0528977 0.322169 -0.918773 U
0.756844 -0.0473204 0.756844 -0.115065 L
0.747877 -0.0480621 0.747877 -0.123568 L
0.909138 -0.0331122 0.909138 0.0497147 L
0.664143 -0.0544458 0.664143 -0.200117 L
0.328165 0.0527045 0.328165 -0.923073 U
0.816601 -0.0421176 0.816601 -0.058815 L
0.750866 -0.0478161 0.750866 -0.120669 L
0.436513 -0.0659538 0.436513 -0.410256 L
0.84945 -0.0390523 0.84945 -0.0228619 L
0.667135 -0.054235 0.667135 -0.197528 L
0.430516 -0.0661057 0.430516 -0.415155 L
0.673118 -0.0538089 0.673118 -0.192389 L
0.76581 -0.0465677 0.76581 -0.106192 L
0.741898 -0.0485501 0.741898 -0.128745 L
0.331552 -0.0670237 0.331552 -0.663127 L
0.897204 -0.034336 0.897204 0.0354393 L
0.90675 -0.00613754 0.90675 0.0640376 L
0.753855 -0.0475689 0.753855 -0.117974 L
0.744888 -0.0483068 0.744888 -0.126466 L
0.367542 -0.0670706 0.367542 -0.654069 L
0.852435 -0.038768 0.852435 -0.0200103 L
0.253601 -0.0650727 0.253601 -0.628419 L
0.759832 -0.0470707 0.759832 -0.112046 L
0.37354 -0.0670305 0.37354 -0.647579 L
0.184776 -0.0605364 0.184776 -0.544611 L
0.762821 -0.0468198 0.762821 -0.109257 L
0.894221 -0.0346397 0.894221 0.030948 L
0.256598 -0.0652033 0.256598 -0.629584 L
0.361543 -0.0670977 0.361543 -0.655474 L
0.340549 -0.0670818 0.340549 -0.651586 L
0.42452 -0.0662463 0.42452 -0.412232 L
0.289569 -0.0663329 0.289569 -0.633881 L
0.262591 -0.0654505 0.262591 -0.617053 L
0.855421 -0.0384825 0.855421 -0.0175688 L
0.933445 -0.0101372 0.933445 0.10478 L
0.286571 -0.0662535 0.286571 -0.631725 L
0.352546 -0.0671127 0.352546 -0.65287 L
0.238204 0.0538461 0.238204 -0.861453 U
0.280575 -0.0660812 0.280575 -0.626347 L
0.843478 -0.0396185 0.843478 -0.0292027 L
0.27458 -0.06589 0.27458 -0.62195 L
0.891237 -0.0349425 0.891237 0.0269569 L
0.93048 -0.00968716 0.93048 0.0998692 L
0.89488 -0.00439863 0.89488 0.0497459 L
0.840492 -0.0399003 0.840492 -0.032567 L
0.265196 0.0539341 0.265196 -0.883807 U
0.918617 -0.00789959 0.918617 0.0806794 L
0.900816 -0.00526647 0.900816 0.0571164 L
0.0693367 -0.0424364 0.0693367 -0.207648 L
0.223652 -0.0634876 0.223652 -0.582785 L
0.244202 0.0539007 0.244202 -0.868558 U
0.184245 0.0522753 0.184245 -0.796732 U
0.181789 -0.0602621 0.181789 -0.542111 L
0.94234 -0.0114926 0.94234 0.122915 L
0.921583 -0.00834434 0.921583 0.0854865 L
0.128185 -0.0539153 0.128185 -0.402832 L
0.2502 0.0539347 0.2502 -0.871981 U
0.217666 -0.0631043 0.217666 -0.56259 L
0.199718 -0.0618034 0.199718 -0.548689 L
0.101559 -0.0494858 0.101559 -0.344507 L
0.211681 -0.0626966 0.211681 -0.55235 L
0.256199 0.0539488 0.256199 -0.880109 U
0.259198 0.0539486 0.259198 -0.881637 U
0.969013 -0.0156334 0.969013 0.182365 L
0.202708 -0.0620366 0.202708 -0.539862 L
0.190236 0.0525556 0.190236 -0.809414 U
0.214673 -0.0629036 0.214673 -0.553157 L
0.127432 0.0479578 0.127432 -0.675578 U
0.196728 -0.0615636 0.196728 -0.54886 L
0.193739 -0.0613171 0.193739 -0.551557 L
0.20869 -0.0624832 0.20869 -0.544861 L
0.125219 -0.0534707 0.125219 -0.387067 L
0.140064 -0.0555866 0.140064 -0.427847 L
0.205699 -0.0622632 0.205699 -0.544887 L
0.0350818 -0.0314851 0.0350818 0.0714895 L
0.960125 -0.0142377 0.960125 0.159803 L
0.196229 0.0528079 0.196229 -0.817593 U
0.190751 -0.0610638 0.190751 -0.548693 L
0.0770001 0.0405648 0.0770001 -0.532685 U
0.175818 -0.0596917 0.175818 -0.536265 L
0.0986124 -0.0489289 0.0986124 -0.327329 L
0.0163304 -0.0221094 0.0163304 0.418364 L
0.134121 -0.054772 0.134121 -0.409329 L
0.148988 -0.0567329 0.148988 -0.438168 L
0.133398 0.0485765 0.133398 -0.710857 U
0.202224 0.053033 0.202224 -0.827909 U
0.154944 -0.0574498 0.154944 -0.454885 L
0.0664345 -0.0416799 0.0664345 -0.187067 L
0.217213 0.0534798 0.217213 -0.839503 U
0.137092 -0.0551844 0.137092 -0.415088 L
0.211216 0.0533208 0.211216 -0.831109 U
0.0956682 -0.0483573 0.0956682 -0.312837 L
0.208219 0.0532315 0.208219 -0.827276 U
0.172833 -0.0593953 0.172833 -0.51455 L
0.0434928 -0.0346778 0.0434928 -0.012307 L
0.0897891 -0.0471671 0.0897891 -0.2928 L
0.983833 -0.017923 0.983833 0.21623 L
0.160294 0.0508514 0.160294 -0.770642 U
0.0295674 -0.029126 0.0295674 0.139613 L
0.163286 0.0510575 0.163286 -0.770365 U
0.109564 0.0458225 0.109564 -0.618313 U
0.146012 -0.0563606 0.146012 -0.428456 L
0.151966 -0.0570959 0.151966 -0.447454 L
0.154311 0.0504129 0.154311 -0.762843 U
0.130414 0.0482726 0.130414 -0.695103 U
0.131152 -0.054349 0.131152 -0.40832 L
0.142356 0.0494241 0.142356 -0.733373 U
0.148332 0.0499379 0.148332 -0.749221 U
0.0606488 -0.0400971 0.0606488 -0.150629 L
0.0491704 -0.0366122 0.0491704 -0.0590888 L
0.119292 -0.0525476 0.119292 -0.383501 L
0.977902 -0.0170273 0.977902 0.210754 L
0.092727 -0.0477704 0.092727 -0.29474 L
0.0548919 -0.0384127 0.0548919 -0.104311 L
0.113372 -0.0515775 0.113372 -0.379816 L
0.116331 -0.0520686 0.116331 -0.380018 L
0.103621 0.0450088 0.103621 -0.624244 U
0.0780753 -0.0445787 0.0780753 -0.244759 L
0.0241562 -0.0265398 0.0241562 0.242309 L
0.0858468 0.0422046 0.0858468 -0.565045 U
0.980696 -0.0253237 0.980696 0.197794 L
0.983679 -0.0250083 0.983679 0.195419 L
0.0868548 -0.0465468 0.0868548 -0.282055 L
0.0577665 -0.0392683 0.0577665 -0.125448 L
0.047837 0.0336081 0.047837 -0.347668 U
0.0406735 -0.033655 0.0406735 0.011285 L
0.0681893 0.0387424 0.0681893 -0.470274 U
0.0463255 -0.0356627 0.0463255 -0.0383119 L
0.0147134 0.0198249 0.0147134 0.156783 U
0.0520262 -0.0375282 0.0520262 -0.0750076 L
0.0947224 0.0436802 0.0947224 -0.588649 U
0.98964 -0.0243421 0.98964 0.172141 L
0.0507206 0.0344326 0.0507206 -0.367455 U
0.0565152 0.0359818 0.0565152 -0.407613 U
0.0268468 -0.0278643 0.0268468 0.181157 L
0.0623401 0.0374135 0.0623401 -0.429044 U
0.98976 -0.0188486 0.98976 0.202496 L
0.00497396 -0.0124468 0.00497396 0.988309 L
0.0215015 -0.025145 0.0215015 0.296104 L
0.0138346 -0.0204478 0.0138346 0.499666 L
0.00551215 0.012218 0.00551215 0.589419 U
0.00910418 -0.0167682 0.00910418 0.704968 L
0.0114185 -0.0186729 0.0114185 0.585184 L
0.0199045 0.0228249 0.0199045 0.0262359 U
0.995615 -0.0201094 0.995615 0.181753 L
0.00982693 0.0163551 0.00982693 0.370067 U
0.00141165 -0.00426759 0.00141165 1.13856 L
0.000501238 -0.00141246 0.000501238 1.12835 L
0.00755823 0.0143976 0.00755823 0.446503 U
0.0364217 0.0299249 0.0364217 -0.243031 U
0.0225779 0.0241832 0.0225779 -0.0307486 U
0.992611 -0.0239341 0.992611 0.165329 L
0.0336059 0.0288929 0.0336059 -0.213268 U
0.00341871 -0.00990249 0.00341871 1.06844 L
0.0280367 0.0266667 0.0280367 -0.131755 U
0.000562371 0.00138925 0.000562371 1.08447 U
0.00259934 0.00702716 0.00259934 0.982783 U
0.998379 -0.0223914 0.998379 0.259992 L
0.0976864 0.0441383 0.0976864 -0.608001 U
