# x y x_over_c Cp side
0.0512139 0.0345241 0.0512139 -0.199209 U
0.0230761 0.0243014 0.0230761 0.131529 U
0.00177926 0.00466614 0.00177926 1.15529 U
0.110062 0.0458712 0.110062 -0.488163 U
0.6485 0.0273828 0.6485 -0.893448 U
0.568963 0.0357623 0.568963 -0.881084 U
0.549061 0.0376891 0.549061 -0.877689 U
0.169771 0.0514655 0.169771 -0.636691 U
0.896364 -0.00461632 0.896364 -0.958139 L
0.708083 0.0204624 0.708083 -0.903633 U
0.459414 0.0453581 0.459414 -0.841186 U
0.994949 -0.0230514 0.994949 0.0929567 L
0.329663 0.0526499 0.329663 -0.764118 U
0.836976 0.00381522 0.836976 -0.93918 U
0.698157 0.0216523 0.698157 -0.900932 U
0.777522 0.0117719 0.777522 -0.922061 U
0.289688 0.0536765 0.289688 -0.761718 U
0.975434 -0.0166355 0.975434 0.0807011 L
0.0804413 0.0411986 0.0804413 -0.358072 U
0.855918 -0.0384328 0.855918 -0.0128766 L
0.389585 0.0499469 0.389585 -0.797388 U
0.456998 -0.0653543 0.456998 -0.70787 L
0.449444 0.0460988 0.449444 -0.837131 U
0.53691 -0.0621057 0.53691 -0.737749 L
0.786229 -0.0448164 0.786229 -0.784072 L
0.656663 -0.0549639 0.656663 -0.759261 L
0.179752 0.0520365 0.179752 -0.650709 U
0.866679 -0.000335349 0.866679 -0.948238 L
0.509237 0.0413162 0.509237 -0.861891 U
0.479348 0.0438039 0.479348 -0.851333 U
0.0416442 0.0316426 0.0416442 -0.130343 U
0.926032 -0.00901593 0.926032 -0.969128 L
0.588858 0.0337725 0.588858 -0.884879 U
0.409545 0.0487757 0.409545 -0.8102 U
0.100161 0.0444894 0.100161 -0.499336 U
0.539108 0.0386269 0.539108 -0.872556 U
0.807258 0.00785683 0.807258 -0.930356 U
0.0688598 -0.0422841 0.0688598 -0.15312 L
0.24711 -0.0647668 0.24711 -0.529245 L
0.638564 0.0284846 0.638564 -0.890642 U
0.259698 0.0539422 0.259698 -0.73886 U
0.886471 -0.00317656 0.886471 -0.955781 L
0.46699 -0.0650241 0.46699 -0.712072 L
0.688229 0.0228291 0.688229 -0.898239 U
0.419523 0.0481497 0.419523 -0.816594 U
0.377039 -0.0669977 0.377039 -0.669805 L
0.865869 -0.037469 0.865869 -0.00192074 L
0.546894 -0.061603 0.546894 -0.736212 L
0.598803 0.0327493 0.598803 -0.887739 U
0.489313 0.0429946 0.489313 -0.855967 U
0.317056 -0.0668629 0.317056 -0.620994 L
0.359632 0.0514668 0.359632 -0.771395 U
0.796189 -0.0439459 0.796189 -0.785329 L
0.666636 -0.0542683 0.666636 -0.761839 L
0.149827 0.0500481 0.149827 -0.621477 U
0.349644 0.0518992 0.349644 -0.768233 U
0.387035 -0.0668928 0.387035 -0.673496 L
0.606783 -0.0582303 0.606783 -0.750403 L
0.50695 -0.0634895 0.50695 -0.725548 L
0.576843 -0.0599947 0.576843 -0.738436 L
0.905658 -0.0334693 0.905658 0.0407663 L
0.427018 -0.0661854 0.427018 -0.68698 L
0.207195 -0.0623657 0.207195 -0.525856 L
0.0219941 -0.0252849 0.0219941 0.415461 L
0.119982 0.0471058 0.119982 -0.523293 U
0.827072 0.00517558 0.827072 -0.936033 U
0.747773 0.0155803 0.747773 -0.913233 U
0.127692 -0.0538281 0.127692 -0.337809 L
0.767608 0.0130541 0.767608 -0.919638 U
0.0706386 0.0392402 0.0706386 -0.285644 U
0.727932 0.0180481 0.727932 -0.907378 U
0.319671 0.0529695 0.319671 -0.766997 U
0.916145 -0.00753231 0.916145 -0.965451 L
0.965557 -0.0150907 0.965557 -0.00705259 L
0.85678 0.00106156 0.85678 -0.94432 U
0.219712 0.0535308 0.219712 -0.697146 U
0.975231 -0.0259282 0.975231 0.14731 L
0.0592162 -0.039653 0.0592162 -0.0742018 L
0.797348 0.00917483 0.797348 -0.925931 U
0.279692 0.0538171 0.279692 -0.754402 U
0.117813 -0.0522945 0.117813 -0.294338 L
0.239703 0.053855 0.239703 -0.716228 U
0.237126 -0.0642595 0.237126 -0.518941 L
0.746382 -0.0481829 0.746382 -0.778897 L
0.227145 -0.0636931 0.227145 -0.511366 L
0.965296 -0.0270406 0.965296 0.12479 L
0.836013 -0.04032 0.836013 -0.0285659 L
0.447006 -0.0656594 0.447006 -0.703513 L
0.925543 -0.0313856 0.925543 0.0632408 L
0.706517 -0.0513291 0.706517 -0.771043 L
0.718008 0.0192608 0.718008 -0.905474 U
0.846879 0.00244388 0.846879 -0.94082 U
0.157428 -0.057727 0.157428 -0.413572 L
0.636714 -0.0563112 0.636714 -0.760322 L
0.199726 0.052934 0.199726 -0.691817 U
0.596804 -0.0588375 0.596804 -0.74802 L
0.529153 0.0395452 0.529153 -0.86913 U
0.129919 0.048207 0.129919 -0.557826 U
0.399566 0.0493754 0.399566 -0.803252 U
0.107956 -0.0506284 0.107956 -0.289969 L
0.915602 -0.0324365 0.915602 0.0498667 L
0.269695 0.0539055 0.269695 -0.743103 U
0.696548 -0.0520849 0.696548 -0.767562 L
0.217167 -0.0630636 0.217167 -0.504555 L
0.437012 -0.0659373 0.437012 -0.694457 L
0.787436 0.0104789 0.787436 -0.923668 U
0.586824 -0.059426 0.586824 -0.74194 L
0.526924 -0.0625889 0.526924 -0.737607 L
0.469382 0.0445924 0.469382 -0.846584 U
0.197227 -0.0615956 0.197227 -0.521054 L
0.559013 0.0367337 0.559013 -0.879097 U
0.0981251 -0.048816 0.0981251 -0.282907 L
0.766308 -0.0465242 0.766308 -0.780496 L
0.826059 -0.041247 0.826059 -0.038249 L
0.628626 0.0295735 0.628626 -0.890052 U
0.626738 -0.0569656 0.626738 -0.758012 L
0.757691 0.0143239 0.757691 -0.916569 U
0.906256 -0.00606678 0.906256 -0.960825 L
0.499276 0.042166 0.499276 -0.857818 U
0.737853 0.016822 0.737853 -0.910055 U
0.658435 0.0262684 0.658435 -0.893805 U
0.516938 -0.0630508 0.516938 -0.731297 L
0.339654 0.0522929 0.339654 -0.760172 U
0.6783 0.0239916 0.6783 -0.896796 U
0.429499 0.0474962 0.429499 -0.821807 U
0.578911 0.034776 0.578911 -0.882613 U
0.816103 -0.0421613 0.816103 -0.582539 L
0.519196 0.0404423 0.519196 -0.86622 U
0.229707 0.0537246 0.229707 -0.705864 U
0.608746 0.0317073 0.608746 -0.890113 U
0.736417 -0.0489907 0.736417 -0.774874 L
0.955679 -0.0135472 0.955679 -0.192146 L
0.616761 -0.0576058 0.616761 -0.753655 L
0.776269 -0.0456758 0.776269 -0.78184 L
0.177311 -0.0598277 0.177311 -0.471336 L
0.686578 -0.0528275 0.686578 -0.768162 L
0.726452 -0.0497828 0.726452 -0.774084 L
0.95536 -0.0281518 0.95536 0.108601 L
0.486972 -0.0642972 0.486972 -0.720784 L
0.439473 0.0468123 0.439473 -0.829491 U
0.566861 -0.060546 0.566861 -0.740105 L
0.299683 0.0534859 0.299683 -0.764353 U
0.407028 -0.0665933 0.407028 -0.681921 L
0.369618 0.0509953 0.369618 -0.781084 U
0.379602 0.0504877 0.379602 -0.788398 U
0.985168 -0.0248318 0.985168 0.164608 L
0.716485 -0.0505615 0.716485 -0.771416 L
0.756345 -0.0473603 0.756345 -0.778547 L
0.646689 -0.055644 0.646689 -0.758548 L
0.676608 -0.0535558 0.676608 -0.764898 L
0.845966 -0.0393819 0.845966 -0.0218829 L
0.806147 -0.0430614 0.806147 -0.788813 L
0.945423 -0.0292436 0.945423 0.0936965 L
0.309678 0.0532491 0.309678 -0.762476 U
0.556878 -0.0610825 0.556878 -0.736849 L
0.496961 -0.063904 0.496961 -0.724819 L
0.2497 0.0539263 0.2497 -0.731697 U
0.0496593 -0.0367252 0.0496593 0.00551114 L
0.0608895 0.0370323 0.0608895 -0.262147 U
0.257097 -0.0652187 0.257097 -0.537595 L
0.476981 -0.0646711 0.476981 -0.715548 L
0.935484 -0.03032 0.935484 0.0781406 L
0.367042 -0.0670692 0.367042 -0.665154 L
0.417023 -0.0664032 0.417023 -0.687667 L
0.30706 -0.0667064 0.30706 -0.606732 L
0.287071 -0.0662614 0.287071 -0.58079 L
0.33705 -0.0670586 0.33705 -0.643483 L
0.618687 0.0306483 0.618687 -0.891201 U
0.187266 -0.0607507 0.187266 -0.492071 L
0.885766 -0.0354938 0.885766 0.0209852 L
0.875818 -0.0364886 0.875818 0.0102746 L
0.397032 -0.0667573 0.397032 -0.675709 L
0.817166 0.00652329 0.817166 -0.933577 U
0.668368 0.0251384 0.668368 -0.895903 U
0.189737 0.0525245 0.189737 -0.678829 U
0.895712 -0.0344869 0.895712 0.0310229 L
0.209718 0.0532686 0.209718 -0.694642 U
0.0402244 -0.0334289 0.0402244 0.0896721 L
0.147502 -0.0565359 0.147502 -0.415853 L
0.357044 -0.0671047 0.357044 -0.655809 L
0.347047 -0.0671011 0.347047 -0.65243 L
0.327053 -0.0669795 0.327053 -0.632085 L
0.297065 -0.066507 0.297065 -0.589433 L
0.267087 -0.0656182 0.267087 -0.556897 L
0.167365 -0.0588218 0.167365 -0.451211 L
0.139868 0.049185 0.139868 -0.596407 U
0.277078 -0.0659659 0.277078 -0.564991 L
0.159796 0.0508052 0.159796 -0.624812 U
0.137589 -0.0552391 0.137589 -0.401323 L
0.013531 -0.0200137 0.013531 0.691302 L
0.935916 -0.0105141 0.935916 -0.972865 L
0.0883261 -0.0468373 0.0883261 -0.25884 L
0.876576 -0.00174874 0.876576 -0.952852 L
0.0309675 -0.0296673 0.0309675 0.206948 L
0.0785677 -0.0446682 0.0785677 -0.193073 L
0.090285 0.04294 0.090285 -0.43983 U
0.0143911 0.0194044 0.0143911 0.390004 U
0.00157403 -0.00473931 0.00157403 1.0972 L
0.945799 -0.012023 0.945799 -0.971227 L
0.985313 -0.0181643 0.985313 0.127011 L
0.00630706 -0.0132962 0.00630706 1.07578 L
0.0322321 0.0282882 0.0322321 -0.0708724 U
0.995008 -0.0203696 0.995008 0.108529 L
0.00688103 0.0130084 0.00688103 0.85283 U
