# x y x_over_c Cp side
0.00167704 0.00470384 0.00167704 1.17119 U
0.118926 0.049712 0.118926 -0.392377 U
0.0139644 0.0197138 0.0139644 0.501293 U
0.597946 0.0458043 0.597946 -0.818738 U
0.985475 0.00333455 0.985475 0.192191 U
0.945836 0.00861234 0.945836 0.0925357 U
0.168608 0.0551568 0.168608 -0.524224 U
0.0795234 0.0429436 0.0795234 -0.29195 U
0.627831 0.0432799 0.627831 -0.824523 U
0.578015 0.0473966 0.578015 -0.811224 U
0.916091 0.0124551 0.916091 0.0568997 U
0.22848 0.0587229 0.22848 -0.596468 U
0.51819 0.0517589 0.51819 -0.793645 U
0.727365 0.0339235 0.727365 -0.851472 U
0.488258 0.0536586 0.488258 -0.790767 U
0.198524 0.0572784 0.198524 -0.522715 U
0.856553 0.0197519 0.856553 -0.890193 U
0.040944 0.0325435 0.040944 -0.0244409 U
0.617871 0.0441375 0.617871 -0.825748 U
0.796958 0.0265667 0.796958 -0.869553 U
0.358423 0.0592999 0.358423 -0.727987 U
0.717417 0.0349194 0.717417 -0.848429 U
0.0316073 0.0289846 0.0316073 0.135913 U
0.906172 0.0137045 0.906172 -0.886385 U
0.846624 0.0209179 0.846624 -0.887113 U
0.128836 0.0510297 0.128836 -0.428146 U
0.178574 0.0559454 0.178574 -0.518572 U
0.0893268 0.0448993 0.0893268 -0.355617 U
0.995216 -0.00134119 0.995216 0.177639 L
0.886329 0.0161625 0.886329 -0.90197 U
0.78702 0.0276542 0.78702 -0.86679 U
0.548108 -0.0496579 0.548108 -0.828973 L
0.478279 0.0542504 0.478279 -0.785831 U
0.707468 0.0359043 0.707468 -0.84609 U
0.647749 0.0415233 0.647749 -0.827846 U
0.538137 0.0503783 0.538137 -0.798052 U
0.508214 0.0524153 0.508214 -0.786562 U
0.826762 0.0232168 0.826762 -0.880416 U
0.667661 0.0397128 0.667661 -0.833157 U
0.568047 0.0481656 0.568047 -0.806873 U
0.926008 -0.0111875 0.926008 0.0677152 L
0.208506 0.0578309 0.208506 -0.543515 U
0.0991666 0.0466638 0.0991666 -0.383136 U
0.438347 0.0563882 0.438347 -0.763789 U
0.757199 0.0308495 0.757199 -0.859445 U
0.138761 -0.0522245 0.138761 -0.484424 L
0.796958 -0.0265667 0.796958 -0.881157 L
0.0697658 -0.0407718 0.0697658 -0.215697 L
0.448332 0.0558924 0.448332 -0.771207 U
0.677615 0.0387829 0.677615 -0.836917 U
0.308442 0.059992 0.308442 -0.712276 U
0.418373 0.0572901 0.418373 -0.757878 U
0.378411 -0.0587567 0.378411 -0.760624 L
0.268455 0.0597761 0.268455 -0.667509 U
0.558078 -0.0489198 0.558078 -0.829621 L
0.747255 0.0318892 0.747255 -0.855269 U
0.1487 0.0533047 0.1487 -0.50862 U
0.168608 -0.0551568 0.168608 -0.547095 L
0.0600671 0.0383518 0.0600671 -0.159488 U
0.408384 -0.0576982 0.408384 -0.779545 L
0.128836 -0.0510297 0.128836 -0.454534 L
0.78702 -0.0276542 0.78702 -0.880064 L
0.826762 -0.0232168 0.826762 -0.889756 L
0.816829 0.0243481 0.816829 -0.877396 U
0.040944 -0.0325435 0.040944 -0.0497343 L
0.22848 -0.0587229 0.22848 -0.613973 L
0.0991666 -0.0466638 0.0991666 -0.380418 L
0.916091 -0.0124551 0.916091 0.0594465 L
0.0225405 -0.024799 0.0225405 0.237544 L
0.378411 0.0587567 0.378411 -0.732094 U
0.528164 0.0510792 0.528164 -0.796415 U
0.876406 0.0173741 0.876406 -0.898621 U
0.248464 0.0593607 0.248464 -0.628453 U
0.935923 0.00990529 0.935923 0.0678196 U
0.0139644 -0.0197138 0.0139644 0.527878 L
0.348428 0.0595143 0.348428 -0.725721 U
0.0600671 -0.0383518 0.0600671 -0.159261 L
0.985475 -0.00333455 0.985475 0.208015 L
0.975565 0.00464748 0.975565 0.167856 U
0.118926 -0.049712 0.118926 -0.378876 L
0.288448 0.0599832 0.288448 -0.696459 U
0.288448 -0.0599832 0.288448 -0.701287 L
0.248464 -0.0593607 0.248464 -0.651934 L
0.418373 -0.0572901 0.418373 -0.784622 L
0.468298 -0.0548213 0.468298 -0.814014 L
0.0893268 -0.0448993 0.0893268 -0.323571 L
0.597946 -0.0458043 0.597946 -0.837855 L
0.777081 -0.0287307 0.777081 -0.878919 L
0.737311 0.0329142 0.737311 -0.852671 U
0.86648 0.0185712 0.86648 -0.894794 U
0.906172 -0.0137045 0.906172 0.0688651 L
0.627831 -0.0432799 0.627831 -0.843256 L
0.558078 0.0489198 0.558078 -0.804137 U
0.76714 -0.0297962 0.76714 -0.875567 L
0.42836 0.0568543 0.42836 -0.758949 U
0.238471 -0.0590713 0.238471 -0.631094 L
0.42836 -0.0568543 0.42836 -0.793853 L
0.846624 -0.0209179 0.846624 -0.894419 L
0.298445 0.0600107 0.298445 -0.710507 U
0.109035 0.0482613 0.109035 -0.407481 U
0.717417 -0.0349194 0.717417 -0.863308 L
0.109035 -0.0482613 0.109035 -0.351557 L
0.806894 0.0254652 0.806894 -0.873188 U
0.836694 -0.0220729 0.836694 -0.892118 L
0.697519 -0.0368774 0.697519 -0.859362 L
0.707468 -0.0359043 0.707468 -0.860072 L
0.548108 0.0496579 0.548108 -0.800908 U
0.617871 -0.0441375 0.617871 -0.843202 L
0.677615 -0.0387829 0.677615 -0.855102 L
0.188546 -0.0566511 0.188546 -0.567428 L
0.498237 0.0530476 0.498237 -0.783161 U
0.587981 0.0466103 0.587981 -0.814607 U
0.63779 -0.042408 0.63779 -0.84595 L
0.657705 0.0406258 0.657705 -0.829421 U
0.687567 -0.0378373 0.687567 -0.85583 L
0.926008 0.0111875 0.926008 0.0529859 U
0.607909 -0.0449795 0.607909 -0.839462 L
0.15865 -0.054279 0.15865 -0.526948 L
0.667661 -0.0397128 0.667661 -0.85071 L
0.607909 0.0449795 0.607909 -0.821532 U
0.647749 -0.0415233 0.647749 -0.848483 L
0.657705 -0.0406258 0.657705 -0.846955 L
0.368417 -0.0590463 0.368417 -0.753852 L
0.538137 -0.0503783 0.538137 -0.829325 L
0.458315 0.0553694 0.458315 -0.776539 U
0.63779 0.042408 0.63779 -0.825335 U
0.488258 -0.0536586 0.488258 -0.822496 L
0.747255 -0.0318892 0.747255 -0.872803 L
0.965656 0.00597637 0.965656 0.140159 U
0.368417 0.0590463 0.368417 -0.722136 U
0.687567 0.0378373 0.687567 -0.840454 U
0.498237 -0.0530476 0.498237 -0.814933 L
0.31844 0.0599304 0.31844 -0.716392 U
0.458315 -0.0553694 0.458315 -0.80997 L
0.408384 0.0576982 0.408384 -0.750526 U
0.468298 0.0548213 0.468298 -0.78198 U
0.218492 -0.0583111 0.218492 -0.614964 L
0.268455 -0.0597761 0.268455 -0.675274 L
0.697519 0.0368774 0.697519 -0.843567 U
0.757199 -0.0308495 0.757199 -0.873027 L
0.568047 -0.0481656 0.568047 -0.830007 L
0.398394 0.0580802 0.398394 -0.743156 U
0.398394 -0.0580802 0.398394 -0.776909 L
0.388403 0.0584338 0.388403 -0.736774 U
0.328436 0.0598289 0.328436 -0.718356 U
0.278451 0.0599058 0.278451 -0.684838 U
0.737311 -0.0329142 0.737311 -0.868683 L
0.528164 -0.0510792 0.528164 -0.823475 L
0.478279 -0.0542504 0.478279 -0.820072 L
0.328436 -0.0598289 0.328436 -0.721905 L
0.338433 0.0596899 0.338433 -0.717171 U
0.438347 -0.0563882 0.438347 -0.796987 L
0.727365 -0.0339235 0.727365 -0.865187 L
0.338433 -0.0596899 0.338433 -0.725089 L
0.587981 -0.0466103 0.587981 -0.834533 L
0.51819 -0.0517589 0.51819 -0.81923 L
0.578015 -0.0473966 0.578015 -0.833661 L
0.508214 -0.0524153 0.508214 -0.820369 L
0.238471 0.0590713 0.238471 -0.607823 U
0.448332 -0.0558924 0.448332 -0.803161 L
0.0504486 -0.0356331 0.0504486 -0.110202 L
0.258459 0.0595946 0.258459 -0.649915 U
0.358423 -0.0592999 0.358423 -0.742195 L
0.278451 -0.0599058 0.278451 -0.686021 L
0.388403 -0.0584338 0.388403 -0.768027 L
0.76714 0.0297962 0.76714 -0.862244 U
0.308442 -0.059992 0.308442 -0.715374 L
0.816829 -0.0243481 0.816829 -0.889541 L
0.777081 0.0287307 0.777081 -0.864895 U
0.178574 -0.0559454 0.178574 -0.546527 L
0.298445 -0.0600107 0.298445 -0.709905 L
0.876406 -0.0173741 0.876406 -0.901836 L
0.31844 -0.0599304 0.31844 -0.712821 L
0.258459 -0.0595946 0.258459 -0.660659 L
0.806894 -0.0254652 0.806894 -0.88541 L
0.975565 -0.00464748 0.975565 0.181765 L
0.348428 -0.0595143 0.348428 -0.736497 L
0.856553 -0.0197519 0.856553 -0.895961 L
0.86648 -0.0185712 0.86648 -0.898226 L
0.208506 -0.0578309 0.208506 -0.594588 L
0.896252 -0.0149389 0.896252 -0.684478 L
0.198524 -0.0572784 0.198524 -0.57819 L
0.886329 -0.0161625 0.886329 -0.903031 L
0.1487 -0.0533047 0.1487 -0.480566 L
0.218492 0.0583111 0.218492 -0.576295 U
0.965656 -0.00597637 0.965656 0.150654 L
0.0795234 -0.0429436 0.0795234 -0.255166 L
0.0697658 0.0407718 0.0697658 -0.236062 U
0.955747 -0.00730404 0.955747 0.123541 L
0.138761 0.0522245 0.138761 -0.472878 U
0.188546 0.0566511 0.188546 -0.522537 U
0.836694 0.0220729 0.836694 -0.883991 U
0.15865 0.054279 0.15865 -0.536346 U
0.00659561 -0.0131554 0.00659561 1.07793 L
0.0316073 -0.0289846 0.0316073 0.0768502 L
0.0504486 0.0356331 0.0504486 -0.0875915 U
0.935923 -0.00990529 0.935923 0.0873921 L
0.00659561 0.0131554 0.00659561 0.884565 U
0.945836 -0.00861234 0.945836 0.109121 L
0.896251 0.0149389 0.896251 -0.904581 U
0.955747 0.00730404 0.955747 0.112592 U
0.995216 0.00134119 0.995216 0.135045 U
0.0225405 0.024799 0.0225405 0.29228 U
0.00167704 -0.00470384 0.00167704 1.17322 L
