# x y x_over_c Cp side
0.995816 0.00161465 0.995816 0.206443 U
0.0168088 0.0217478 0.0168088 0.339833 U
0.918571 0.0121418 0.918571 0.131825 U
0.00363392 0.00982555 0.00363392 0.979023 U
0.808385 0.0253004 0.808385 0.0426718 U
0.706971 0.0359546 0.706971 -0.877148 U
0.608407 0.0449398 0.608407 -0.864451 U
0.0357603 0.0307123 0.0357603 -0.0263924 U
0.805404 0.0256332 0.805404 0.0409484 U
0.989935 0.00274743 0.989935 0.231808 U
0.703986 0.0362477 0.703986 -0.87727 U
0.632313 0.0428907 0.632313 -0.868288 U
0.635301 0.0426287 0.635301 -0.869239 U
0.915596 0.0125201 0.915596 0.128542 U
0.954261 0.00750412 0.954261 0.186919 U
0.605419 0.0451894 0.605419 -0.864093 U
0.497738 0.0530808 0.497738 -0.846934 U
0.0644155 0.0395047 0.0644155 -0.236167 U
0.572533 0.047823 0.572533 -0.857605 U
0.494745 0.0532657 0.494745 -0.84714 U
0.073169 0.0415848 0.073169 -0.296624 U
0.671145 0.0393911 0.671145 -0.872583 U
0.45582 0.0555055 0.45582 -0.829995 U
0.446834 0.0559717 0.446834 -0.823827 U
0.377911 0.0587757 0.377911 -0.764835 U
0.951288 0.00789787 0.951288 0.182451 U
0.419871 0.0572295 0.419871 -0.798877 U
0.972096 0.00510704 0.972096 0.225127 U
0.422867 0.057101 0.422867 -0.801289 U
0.796461 0.0266232 0.796461 0.0373659 U
0.410881 0.0576015 0.410881 -0.792482 U
0.485764 0.0538106 0.485764 -0.845323 U
0.398893 0.0580649 0.398893 -0.782593 U
0.88881 0.0158589 0.88881 0.100881 U
0.569542 0.0480528 0.569542 -0.856983 U
0.530658 0.0509083 0.530658 -0.856809 U
0.542624 0.0500585 0.542624 -0.858441 U
0.596451 0.0459286 0.596451 -0.861327 U
0.374913 0.0588658 0.374913 -0.762346 U
0.0819655 0.0434754 0.0819655 -0.325291 U
0.745764 0.0320456 0.745764 -0.882514 U
0.909644 0.0132716 0.909644 0.122229 U
0.0142774 0.0201411 0.0142774 0.392418 U
0.668159 0.0396686 0.668159 -0.871543 U
0.0907967 0.0451971 0.0907967 -0.36508 U
0.0329676 0.0296191 0.0329676 0.0201445 U
0.00946781 0.0165656 0.00946781 0.576527 U
0.981015 0.00392393 0.981015 0.249393 U
0.847121 0.0208609 0.847121 0.0676705 U
0.308942 0.0599948 0.308942 -0.712005 U
0.695031 0.0371202 0.695031 -0.87607 U
0.79348 0.0269502 0.79348 0.0365956 U
0.885833 0.0162247 0.885833 0.0977632 U
0.171098 0.0553719 0.171098 -0.568573 U
0.99863 -0.000606558 0.99863 0.307977 L
0.201019 0.0574318 0.201019 -0.602678 U
0.963179 0.0063115 0.963179 0.204165 U
0.171098 -0.0553719 0.171098 -0.57001 L
0.186052 -0.0564912 0.186052 -0.601094 L
0.876902 0.0173155 0.876902 0.0886255 U
0.73383 0.033271 0.73383 -0.87952 U
0.939393 0.00945484 0.939393 0.163752 U
0.162133 -0.0546074 0.162133 -0.548938 L
0.162133 0.0546074 0.162133 -0.572234 U
0.0996563 0.046766 0.0996563 -0.394533 U
0.512704 0.0521257 0.512704 -0.851745 U
0.948314 -0.00828945 0.948314 0.184507 L
0.518689 0.0517281 0.518689 -0.853634 U
0.554589 0.0491819 0.554589 -0.858776 U
0.236972 -0.0590297 0.236972 -0.675939 L
0.539633 0.0502736 0.539633 -0.858475 U
0.506718 0.0525146 0.506718 -0.849977 U
0.560571 0.0487344 0.560571 -0.857154 U
0.0878495 0.044641 0.0878495 -0.350603 U
0.0557169 0.0372061 0.0557169 -0.183571 U
0.443839 0.0561223 0.443839 -0.821258 U
0.476782 0.0543398 0.476782 -0.841289 U
0.22798 -0.058711 0.22798 -0.665354 L
0.48277 0.0539889 0.48277 -0.844125 U
0.566552 0.0482814 0.566552 -0.856592 U
0.769626 0.0295323 0.769626 0.026877 U
0.452825 0.0556633 0.452825 -0.827665 U
0.102615 0.0472585 0.102615 -0.400816 U
0.491751 0.053449 0.491751 -0.845895 U
0.623349 0.0436694 0.623349 -0.867413 U
0.527666 0.0511162 0.527666 -0.855687 U
0.593462 0.0461716 0.593462 -0.85988 U
0.311942 -0.0599799 0.311942 -0.754337 L
0.60243 0.0454374 0.60243 -0.862765 U
0.617373 0.0441818 0.617373 -0.866072 U
0.210003 0.0579158 0.210003 -0.615132 U
0.407884 0.057721 0.407884 -0.789946 U
0.948314 0.00828945 0.948314 0.177615 U
0.305943 0.0600058 0.305943 -0.711243 U
0.674131 -0.0391121 0.674131 -0.88055 L
0.416874 0.0573557 0.416874 -0.796496 U
0.192037 0.056888 0.192037 -0.607264 U
0.461809 0.055183 0.461809 -0.833472 U
0.126355 0.0507263 0.126355 -0.452779 U
0.665172 -0.0399447 0.665172 -0.878396 L
0.692046 0.0374086 0.692046 -0.875895 U
0.721894 0.0344739 0.721894 -0.877215 U
0.132307 0.051475 0.132307 -0.472406 U
0.578513 0.0473597 0.578513 -0.855532 U
0.715925 0.0350691 0.715925 -0.876674 U
0.230978 0.0588228 0.230978 -0.640934 U
0.380909 -0.0586826 0.380909 -0.77922 L
0.0499574 0.0355308 0.0499574 -0.165556 U
0.89774 0.0147554 0.89774 0.110388 U
0.093747 -0.0457362 0.093747 -0.380454 L
0.0849057 -0.0440673 0.0849057 -0.330305 L
0.665172 0.0399447 0.665172 -0.870907 U
0.395896 0.0581746 0.395896 -0.780228 U
0.969124 0.00550926 0.969124 0.217861 U
0.207008 0.0577611 0.207008 -0.612506 U
0.701001 0.0365397 0.701001 -0.87653 U
0.760678 0.0304838 0.760678 -0.878982 U
0.686075 0.0379818 0.686075 -0.875096 U
0.150191 0.0534692 0.150191 -0.545708 U
0.659199 0.040492 0.659199 -0.870162 U
0.189045 0.0566931 0.189045 -0.60557 U
0.781553 0.0282487 0.781553 0.0336607 U
0.864992 0.0187514 0.864992 0.0786383 U
0.233975 0.058929 0.233975 -0.643003 U
0.680103 0.0385497 0.680103 -0.874184 U
0.138263 0.0521806 0.138263 -0.501368 U
0.754713 0.0311123 0.754713 -0.883207 U
0.835204 0.0222465 0.835204 0.0590013 U
0.144225 0.0528449 0.144225 -0.521692 U
0.123382 0.0503353 0.123382 -0.452859 U
0.951288 -0.00789787 0.951288 0.189091 L
0.18306 0.0562821 0.18306 -0.591358 U
0.587483 0.0466524 0.587483 -0.858134 U
0.0967003 -0.0462588 0.0967003 -0.376984 L
0.653225 0.041033 0.653225 -0.869164 U
0.221987 0.0584702 0.221987 -0.635184 U
0.215994 0.0582056 0.215994 -0.62663 U
0.581503 0.0471259 0.581503 -0.856228 U
0.23997 -0.059125 0.23997 -0.671701 L
0.174088 -0.0556108 0.174088 -0.575537 L
0.0194019 -0.0232536 0.0194019 0.242257 L
0.165121 -0.0548704 0.165121 -0.554024 L
0.177078 0.0558421 0.177078 -0.57443 U
0.22798 0.058711 0.22798 -0.635514 U
0.287948 0.0599862 0.287948 -0.697912 U
0.335934 0.0597321 0.335934 -0.724549 U
0.470793 0.0546832 0.470793 -0.838365 U
0.189045 -0.0566931 0.189045 -0.603283 L
0.464804 0.0550185 0.464804 -0.835199 U
0.383906 0.0585866 0.383906 -0.770506 U
0.730846 0.0335738 0.730846 -0.878368 U
0.28195 0.0599448 0.28195 -0.688232 U
0.230978 -0.0588228 0.230978 -0.667241 L
0.437848 0.0564156 0.437848 -0.816616 U
0.198024 0.0572573 0.198024 -0.60425 U
0.323938 0.0598837 0.323938 -0.718889 U
0.275952 0.0598844 0.275952 -0.683092 U
0.314941 -0.0599613 0.314941 -0.75567 L
0.022045 -0.02467 0.022045 0.198355 L
0.53365 0.0506985 0.53365 -0.856659 U
0.0790292 0.0428649 0.0790292 -0.30541 U
0.422867 -0.057101 0.422867 -0.790806 L
0.389901 0.0583861 0.389901 -0.77583 U
0.31794 0.0599391 0.31794 -0.714 U
0.350927 -0.0594692 0.350927 -0.772046 L
0.269954 0.0598046 0.269954 -0.677452 U
0.365919 -0.0591174 0.365919 -0.775215 L
0.251962 0.0594549 0.251962 -0.661922 U
0.383906 -0.0585866 0.383906 -0.77999 L
0.365919 0.0591174 0.365919 -0.754922 U
0.677117 -0.0388316 0.677117 -0.880962 L
0.440843 -0.0562703 0.440843 -0.804547 L
0.981015 -0.00392393 0.981015 0.263455 L
0.742781 0.0323541 0.742781 -0.881395 U
0.299945 -0.0600159 0.299945 -0.739924 L
0.40189 0.0579527 0.40189 -0.784856 U
0.668159 -0.0396686 0.668159 -0.878923 L
0.42886 0.0568354 0.42886 -0.80741 U
0.521681 -0.0515261 0.521681 -0.848045 L
0.476782 -0.0543398 0.476782 -0.826294 L
0.11447 -0.0490921 0.11447 -0.415153 L
0.677117 0.0388316 0.677117 -0.873336 U
0.168109 0.0551252 0.168109 -0.574332 U
0.811365 -0.0249661 0.811365 0.05137 L
0.656212 -0.0407632 0.656212 -0.875774 L
0.820306 -0.0239553 0.820306 0.0569491 L
0.548607 0.0496234 0.548607 -0.858772 U
0.790498 0.0272761 0.790498 0.0362865 U
0.467799 -0.0548519 0.467799 -0.821438 L
0.159146 0.054336 0.159146 -0.577732 U
0.641276 0.0421011 0.641276 -0.869122 U
0.766643 -0.0298506 0.766643 0.0221937 L
0.873925 -0.0176765 0.873925 0.0947593 L
0.766643 0.0298506 0.766643 0.0198955 U
0.817326 0.0242935 0.817326 0.047444 U
0.93047 0.0106135 0.93047 0.149795 U
0.864992 -0.0187514 0.864992 0.0872457 L
0.739797 0.0326612 0.739797 -0.880532 U
0.650238 0.0413015 0.650238 -0.869319 U
0.23997 0.059125 0.23997 -0.648398 U
0.644263 0.0418356 0.644263 -0.869843 U
0.906669 0.0136446 0.906669 0.119111 U
0.802423 0.0259647 0.802423 0.0394776 U
0.826266 0.0232752 0.826266 0.0526405 U
0.371915 0.0589529 0.371915 -0.760001 U
0.108538 0.0482017 0.108538 -0.403514 U
0.105576 -0.0477369 0.105576 -0.40793 L
0.00724235 -0.0145591 0.00724235 0.663098 L
0.778572 0.0285711 0.778572 0.0313866 U
0.859035 0.0194604 0.859035 0.0745365 U
0.832225 0.0225904 0.832225 0.0568708 U
0.894763 0.0151241 0.894763 0.107024 U
0.882856 0.0165895 0.882856 0.0942302 U
0.245966 0.0593001 0.245966 -0.656104 U
0.873925 0.0176765 0.873925 0.0859749 U
0.153175 0.0537672 0.153175 -0.558737 U
0.75173 0.0314247 0.75173 -0.88305 U
0.356924 0.0593391 0.356924 -0.745023 U
0.823286 -0.0236158 0.823286 0.0586893 L
0.00363392 -0.00982555 0.00363392 1.05876 L
0.350927 0.0594692 0.350927 -0.738862 U
0.257959 0.0595901 0.257959 -0.664232 U
0.844142 0.0212086 0.844142 0.0655211 U
0.841163 0.0215555 0.841163 0.0632605 U
0.341931 0.0596368 0.341931 -0.729183 U
0.263956 0.0597065 0.263956 -0.670726 U
0.117439 0.0495184 0.117439 -0.457137 U
0.329936 0.0598146 0.329936 -0.722635 U
0.936418 0.00984193 0.936418 0.158322 U
0.960207 0.00671074 0.960207 0.197707 U
0.314941 0.0599613 0.314941 -0.713773 U
0.992897 -0.00227472 0.992897 0.233954 L
0.0168088 -0.0217478 0.0168088 0.316525 L
0.924521 0.0113804 0.924521 0.140163 U
0.494745 -0.0532657 0.494745 -0.834846 L
0.224984 -0.0585936 0.224984 -0.662306 L
0.296946 -0.0600149 0.296946 -0.736888 L
0.850099 0.0205123 0.850099 0.0692316 U
0.748747 0.0317358 0.748747 -0.882829 U
0.377911 -0.0587757 0.377911 -0.778352 L
0.647251 0.0415691 0.647251 -0.8696 U
0.662186 -0.0402191 0.662186 -0.87821 L
0.870947 -0.0180363 0.870947 0.0922039 L
0.473788 -0.0545125 0.473788 -0.825013 L
0.763661 -0.0301678 0.763661 -0.00316583 L
0.566552 -0.0482814 0.566552 -0.862233 L
0.760678 -0.0304838 0.760678 -0.059086 L
0.659199 -0.040492 0.659199 -0.876678 L
0.86797 -0.0183945 0.86797 0.0897242 L
0.470793 -0.0546832 0.470793 -0.823003 L
0.374913 -0.0588658 0.374913 -0.775304 L
0.563561 -0.0485086 0.563561 -0.860966 L
0.545616 0.0498418 0.545616 -0.858701 U
0.653225 -0.041033 0.653225 -0.876175 L
0.560571 -0.0487344 0.560571 -0.86126 L
0.293946 -0.0600097 0.293946 -0.732033 L
0.578513 -0.0473597 0.578513 -0.862988 L
0.575523 -0.047592 0.575523 -0.86353 L
0.48277 -0.0539889 0.48277 -0.829886 L
0.425864 0.0569697 0.425864 -0.804347 U
0.587483 -0.0466524 0.587483 -0.86656 L
0.650238 -0.0413015 0.650238 -0.875403 L
0.647251 -0.0415691 0.647251 -0.876901 L
0.221987 -0.0584702 0.221987 -0.655744 L
0.554589 -0.0491819 0.554589 -0.860332 L
0.55758 -0.0489589 0.55758 -0.859998 L
0.569542 -0.0480528 0.569542 -0.862246 L
0.111503 -0.0486533 0.111503 -0.407651 L
0.572533 -0.047823 0.572533 -0.862523 L
0.311942 0.0599799 0.311942 -0.710264 U
0.581503 -0.0471259 0.581503 -0.864688 L
0.548607 -0.0496234 0.548607 -0.858774 L
0.159146 -0.054336 0.159146 -0.540471 L
0.488758 -0.0536307 0.488758 -0.832705 L
0.593462 -0.0461716 0.593462 -0.868898 L
0.641276 -0.0421011 0.641276 -0.877329 L
0.644263 -0.0418356 0.644263 -0.876201 L
0.479776 -0.0541653 0.479776 -0.828062 L
0.542624 -0.0500585 0.542624 -0.85705 L
0.551598 -0.0494034 0.551598 -0.859033 L
0.757696 -0.0307987 0.757696 -0.591762 L
0.584493 -0.0468901 0.584493 -0.864785 L
0.635301 -0.0426287 0.635301 -0.877242 L
0.599441 -0.0456838 0.599441 -0.87091 L
0.638289 -0.0423655 0.638289 -0.876409 L
0.945341 -0.00867892 0.945341 0.18067 L
0.545616 -0.0498418 0.545616 -0.857338 L
0.629325 -0.0431516 0.629325 -0.877091 L
0.605419 -0.0451894 0.605419 -0.87262 L
0.305943 -0.0600058 0.305943 -0.747994 L
0.236972 0.0590297 0.236972 -0.645917 U
0.485764 -0.0538106 0.485764 -0.830903 L
0.590473 -0.0464129 0.590473 -0.867168 L
0.623349 -0.0436694 0.623349 -0.876144 L
0.53365 -0.0506985 0.53365 -0.853531 L
0.754713 -0.0311123 0.754713 -0.893828 L
0.611396 -0.0446886 0.611396 -0.874113 L
0.617373 -0.0441818 0.617373 -0.875359 L
0.632313 -0.0428907 0.632313 -0.876241 L
0.933444 0.0102282 0.933444 0.153577 U
0.497738 -0.0530808 0.497738 -0.835881 L
0.539633 -0.0502736 0.539633 -0.855415 L
0.506718 -0.0525146 0.506718 -0.841358 L
0.389901 -0.0583861 0.389901 -0.783269 L
0.527666 -0.0511162 0.527666 -0.851618 L
0.596451 -0.0459286 0.596451 -0.869502 L
0.518689 -0.0517281 0.518689 -0.847505 L
0.512704 -0.0521257 0.512704 -0.844512 L
0.626337 -0.0434111 0.626337 -0.876026 L
0.536641 -0.050487 0.536641 -0.854344 L
0.491751 -0.053449 0.491751 -0.833619 L
0.60243 -0.0454374 0.60243 -0.871206 L
0.620361 -0.0439263 0.620361 -0.874919 L
0.0118232 -0.0184194 0.0118232 0.473324 L
0.671145 -0.0393911 0.671145 -0.879568 L
0.608407 -0.0449398 0.608407 -0.872799 L
0.614384 -0.0444359 0.614384 -0.874209 L
0.530658 -0.0509083 0.530658 -0.851681 L
0.500732 -0.0528942 0.500732 -0.837595 L
0.524674 -0.0513221 0.524674 -0.849884 L
0.503725 -0.0527056 0.503725 -0.83911 L
0.515696 -0.051928 0.515696 -0.845469 L
0.638289 0.0423655 0.638289 -0.868653 U
0.829245 -0.0229334 0.829245 0.0627035 L
0.509711 -0.0523212 0.509711 -0.842322 L
0.386904 -0.0584877 0.386904 -0.781065 L
0.302944 -0.0600129 0.302944 -0.743845 L
0.75173 -0.0314247 0.75173 -0.894349 L
0.395896 -0.0581746 0.395896 -0.78552 L
0.464804 -0.0550185 0.464804 -0.820913 L
0.683089 -0.0382664 0.683089 -0.882584 L
0.748747 -0.0317358 0.748747 -0.893335 L
0.40189 -0.0579527 0.40189 -0.787688 L
0.978041 0.00430956 0.978041 0.244628 U
0.0673279 -0.0402207 0.0673279 -0.224095 L
0.680103 -0.0385497 0.680103 -0.881396 L
0.461809 -0.055183 0.461809 -0.818762 L
0.45582 -0.0555055 0.45582 -0.814771 L
0.407884 -0.057721 0.407884 -0.788658 L
0.320939 0.0599132 0.320939 -0.716467 U
0.392899 -0.0582817 0.392899 -0.783312 L
0.15616 -0.054056 0.15616 -0.527106 L
0.458815 -0.0553454 0.458815 -0.816587 L
0.308942 -0.0599948 0.308942 -0.750613 L
0.398893 -0.0580649 0.398893 -0.785467 L
0.413878 0.0574797 0.413878 -0.794304 U
0.44983 -0.0558187 0.44983 -0.810915 L
0.736814 0.0329668 0.736814 -0.8798 U
0.15616 0.054056 0.15616 -0.569318 U
0.656212 0.0407632 0.656212 -0.869418 U
0.692046 -0.0374086 0.692046 -0.884138 L
0.686075 -0.0379818 0.686075 -0.88249 L
0.745764 -0.0320456 0.745764 -0.8943 L
0.772608 -0.0292129 0.772608 0.0309783 L
0.452825 -0.0556633 0.452825 -0.812401 L
0.838183 0.0219015 0.838183 0.0612086 U
0.404887 -0.0578381 0.404887 -0.787001 L
0.320939 -0.0599132 0.320939 -0.761412 L
0.413878 -0.0574797 0.413878 -0.78887 L
0.0385711 -0.0317579 0.0385711 -0.0355501 L
0.77559 0.0288925 0.77559 0.0308818 U
0.68906 -0.0376958 0.68906 -0.883071 L
0.757696 0.0307987 0.757696 -0.883118 U
0.769626 -0.0295323 0.769626 0.0266042 L
0.742781 -0.0323541 0.742781 -0.893174 L
0.674131 0.0391121 0.674131 -0.87302 U
0.419871 -0.0572295 0.419871 -0.79034 L
0.437848 -0.0564156 0.437848 -0.802914 L
0.431856 -0.0566983 0.431856 -0.798593 L
0.698016 -0.0368305 0.698016 -0.885132 L
0.446834 -0.0559717 0.446834 -0.808468 L
0.108538 -0.0482017 0.108538 -0.392086 L
0.805404 -0.0256332 0.805404 0.0470387 L
0.879879 -0.0169531 0.879879 0.100479 L
0.371915 -0.0589529 0.371915 -0.777154 L
0.326937 0.0598509 0.326937 -0.719348 U
0.443839 -0.0561223 0.443839 -0.80621 L
0.410881 -0.0576015 0.410881 -0.786907 L
0.326937 -0.0598509 0.326937 -0.76601 L
0.862014 -0.0191066 0.862014 0.0847375 L
0.695031 -0.0371202 0.695031 -0.884065 L
0.817326 -0.0242935 0.817326 0.0549162 L
0.362921 -0.0591947 0.362921 -0.776676 L
0.876902 -0.0173155 0.876902 0.097517 L
0.853078 0.0201629 0.853078 0.0715291 U
0.356924 -0.0593391 0.356924 -0.775017 L
0.416874 -0.0573557 0.416874 -0.788359 L
0.31794 -0.0599391 0.31794 -0.757972 L
0.629325 0.0431516 0.629325 -0.867714 U
0.575523 0.047592 0.575523 -0.855598 U
0.233975 -0.058929 0.233975 -0.671321 L
0.434852 -0.0565583 0.434852 -0.800132 L
0.739797 -0.0326612 0.739797 -0.892977 L
0.34493 -0.0595845 0.34493 -0.771259 L
0.859035 -0.0194604 0.859035 0.0824239 L
0.425864 -0.0569697 0.425864 -0.793378 L
0.42886 -0.0568354 0.42886 -0.795868 L
0.332935 -0.059775 0.332935 -0.768947 L
0.814346 -0.0246304 0.814346 0.0530933 L
0.458815 0.0553454 0.458815 -0.831531 U
0.536641 0.050487 0.536641 -0.857664 U
0.404887 0.0578381 0.404887 -0.787275 U
0.703986 -0.0362477 0.703986 -0.885744 L
0.368917 -0.0590367 0.368917 -0.774989 L
0.709956 -0.0356605 0.709956 -0.886452 L
0.524674 0.0513221 0.524674 -0.855548 U
0.736814 -0.0329668 0.736814 -0.891671 L
0.338933 -0.059686 0.338933 -0.771195 L
0.715925 -0.0350691 0.715925 -0.887371 L
0.721894 -0.0344739 0.721894 -0.888227 L
0.323938 -0.0598837 0.323938 -0.762754 L
0.701001 -0.0365397 0.701001 -0.884817 L
0.347929 -0.0595287 0.347929 -0.770653 L
0.706971 -0.0359546 0.706971 -0.885455 L
0.332935 0.059775 0.332935 -0.722924 U
0.359923 -0.0592686 0.359923 -0.773966 L
0.71294 -0.0353653 0.71294 -0.886559 L
0.718909 -0.0347719 0.718909 -0.887384 L
0.626337 0.0434111 0.626337 -0.867544 U
0.293946 0.0600097 0.293946 -0.703663 U
0.353926 -0.059406 0.353926 -0.772105 L
0.341931 -0.0596368 0.341931 -0.769326 L
0.245966 -0.0593001 0.245966 -0.677289 L
0.329936 -0.0598146 0.329936 -0.7663 L
0.242968 0.0592151 0.242968 -0.651114 U
0.521681 0.0515261 0.521681 -0.854951 U
0.73383 -0.033271 0.73383 -0.891022 L
0.335934 -0.0597321 0.335934 -0.76834 L
0.488758 0.0536307 0.488758 -0.845741 U
0.662186 0.0402191 0.662186 -0.870451 U
0.724878 -0.0341749 0.724878 -0.888433 L
0.957234 -0.00710836 0.957234 0.2011 L
0.778572 -0.0285711 0.778572 0.034636 L
0.727862 -0.033875 0.727862 -0.888703 L
0.302944 0.0600129 0.302944 -0.711735 U
0.467799 0.0548519 0.467799 -0.836822 U
0.730846 -0.0335738 0.730846 -0.889566 L
0.584493 0.0468901 0.584493 -0.857063 U
0.224984 0.0585936 0.224984 -0.632899 U
0.727862 0.033875 0.727862 -0.877528 U
0.368917 0.0590367 0.368917 -0.756786 U
0.338933 0.059686 0.338933 -0.725973 U
0.44983 0.0558187 0.44983 -0.825256 U
0.77559 -0.0288925 0.77559 0.0314794 L
0.829245 0.0229334 0.829245 0.0548574 U
0.479776 0.0541653 0.479776 -0.842697 U
0.954261 -0.00750412 0.954261 0.195014 L
0.856057 -0.0198124 0.856057 0.0806386 L
0.392899 0.0582817 0.392899 -0.777438 U
0.763661 0.0301678 0.763661 0.000606485 U
0.808385 -0.0253004 0.808385 0.0493679 L
0.34493 0.0595845 0.34493 -0.731115 U
0.698016 0.0368305 0.698016 -0.876662 U
0.599441 0.0456838 0.599441 -0.86244 U
0.515696 0.051928 0.515696 -0.852671 U
0.683089 0.0382664 0.683089 -0.874511 U
0.799442 0.0262947 0.799442 0.03814 U
0.473788 0.0545125 0.473788 -0.83982 U
0.242968 -0.0592151 0.242968 -0.672713 L
0.347929 0.0595287 0.347929 -0.734775 U
0.269954 -0.0598046 0.269954 -0.702147 L
0.563561 0.0485086 0.563561 -0.857151 U
0.620361 0.0439263 0.620361 -0.866611 U
0.885833 -0.0162247 0.885833 0.106373 L
0.362921 0.0591947 0.362921 -0.751242 U
0.784535 0.0279254 0.784535 0.0338947 U
0.590473 0.0464129 0.590473 -0.859591 U
0.359923 0.0592686 0.359923 -0.747598 U
0.353926 0.059406 0.353926 -0.741251 U
0.724878 0.0341749 0.724878 -0.877193 U
0.440843 0.0562703 0.440843 -0.819405 U
0.380909 0.0586826 0.380909 -0.767984 U
0.254961 -0.0595249 0.254961 -0.684899 L
0.614384 0.0444359 0.614384 -0.865934 U
0.882856 -0.0165895 0.882856 0.103292 L
0.386904 0.0584877 0.386904 -0.773155 U
0.853078 -0.0201629 0.853078 0.0791771 L
0.611396 0.0446886 0.611396 -0.865164 U
0.434852 0.0565583 0.434852 -0.813615 U
0.826266 -0.0232752 0.826266 0.0606212 L
0.272953 -0.0598468 0.272953 -0.705744 L
0.500732 0.0528942 0.500732 -0.847348 U
0.55758 0.0489589 0.55758 -0.85798 U
0.105576 0.0477369 0.105576 -0.405156 U
0.503725 0.0527056 0.503725 -0.848706 U
0.290947 -0.0600002 0.290947 -0.728807 L
0.509711 0.0523212 0.509711 -0.851529 U
0.431856 0.0566983 0.431856 -0.81051 U
0.260958 0.0596506 0.260958 -0.668652 U
0.248964 -0.0593799 0.248964 -0.678152 L
0.284949 -0.0599678 0.284949 -0.721431 L
0.218991 0.058341 0.218991 -0.630346 U
0.168109 -0.0551252 0.168109 -0.55918 L
0.260958 -0.0596506 0.260958 -0.691346 L
0.266955 -0.0597578 0.266955 -0.69738 L
0.802423 -0.0259647 0.802423 0.0456895 L
0.787517 0.0276012 0.787517 0.0351113 U
0.551598 0.0494034 0.551598 -0.858549 U
0.278951 -0.059917 0.278951 -0.71346 L
0.823286 0.0236158 0.823286 0.0510043 U
0.957234 0.00710836 0.957234 0.191783 U
0.180069 -0.0560658 0.180069 -0.591632 L
0.266955 0.0597578 0.266955 -0.675422 U
0.784535 -0.0279254 0.784535 0.0368392 L
0.799442 -0.0262947 0.799442 0.0439167 L
0.68906 0.0376958 0.68906 -0.875957 U
0.251962 -0.0594549 0.251962 -0.680532 L
0.263956 -0.0597065 0.263956 -0.693431 L
0.820306 0.0239553 0.820306 0.0492041 U
0.963179 -0.0063115 0.963179 0.213926 L
0.299945 0.0600159 0.299945 -0.708925 U
0.781553 -0.0282487 0.781553 0.0350418 L
0.165121 0.0548704 0.165121 -0.573841 U
0.287948 -0.0599862 0.287948 -0.723974 L
0.212999 0.0580639 0.212999 -0.619688 U
0.718909 0.0347719 0.718909 -0.876812 U
0.772608 0.0292129 0.772608 0.0291156 U
0.0644155 -0.0395047 0.0644155 -0.212301 L
0.960207 -0.00671074 0.960207 0.207146 L
0.856057 0.0198124 0.856057 0.0727667 U
0.272953 0.0598468 0.272953 -0.678417 U
0.891787 -0.015492 0.891787 0.112508 L
0.296946 0.0600149 0.296946 -0.707626 U
0.71294 0.0353653 0.71294 -0.876987 U
0.28195 -0.0599448 0.28195 -0.716495 L
0.257959 -0.0595901 0.257959 -0.686611 L
0.709956 0.0356605 0.709956 -0.876789 U
0.814346 0.0246304 0.814346 0.0458788 U
0.195031 -0.0570761 0.195031 -0.611716 L
0.135284 -0.0518331 0.135284 -0.473063 L
0.88881 -0.0158589 0.88881 0.109648 L
0.832225 -0.0225904 0.832225 0.0646137 L
0.862014 0.0191066 0.862014 0.0762871 U
0.275952 -0.0598844 0.275952 -0.708259 L
0.79348 -0.0269502 0.79348 0.0414791 L
0.278951 0.059917 0.278951 -0.685857 U
0.290947 0.0600002 0.290947 -0.700944 U
0.811365 0.0249661 0.811365 0.0444217 U
0.284949 0.0599678 0.284949 -0.693106 U
0.248964 0.0593799 0.248964 -0.660066 U
0.212999 -0.0580639 0.212999 -0.638199 L
0.126355 -0.0507263 0.126355 -0.439257 L
0.796461 -0.0266232 0.796461 0.042686 L
0.86797 0.0183945 0.86797 0.0810121 U
0.117439 -0.0495184 0.117439 -0.430267 L
0.969124 -0.00550926 0.969124 0.229488 L
0.201019 -0.0574318 0.201019 -0.618608 L
0.870947 0.0180363 0.870947 0.0832335 U
0.966152 -0.00591089 0.966152 0.221799 L
0.177078 -0.0558421 0.177078 -0.582464 L
0.12041 -0.0499327 0.12041 -0.434305 L
0.195031 0.0570761 0.195031 -0.602595 U
0.218991 -0.058341 0.218991 -0.64918 L
0.835204 -0.0222465 0.835204 0.0665784 L
0.787517 -0.0276012 0.787517 0.0381834 L
0.921546 0.0117619 0.921546 0.135912 U
0.18306 -0.0562821 0.18306 -0.595003 L
0.0615091 -0.0387645 0.0615091 -0.200272 L
0.790498 -0.0272761 0.790498 0.0404408 L
0.215994 -0.0582056 0.215994 -0.643186 L
0.192037 -0.056888 0.192037 -0.605334 L
0.879879 0.0169531 0.879879 0.0909868 U
0.254961 0.0595249 0.254961 -0.665334 U
0.210003 -0.0579158 0.210003 -0.63094 L
0.198024 -0.0572573 0.198024 -0.612411 L
0.207008 -0.0577611 0.207008 -0.625759 L
0.204013 -0.0575998 0.204013 -0.623086 L
0.972096 -0.00510704 0.972096 0.23748 L
0.838183 -0.0219015 0.838183 0.0690939 L
0.847121 -0.0208609 0.847121 0.0752838 L
0.894763 -0.0151241 0.894763 0.115492 L
0.891787 0.015492 0.891787 0.103796 U
0.975068 0.00470527 0.975068 0.233494 U
0.850099 -0.0205123 0.850099 0.0771364 L
0.204013 0.0575998 0.204013 -0.608136 U
0.975068 -0.00470527 0.975068 0.246476 L
0.978041 -0.00430956 0.978041 0.257972 L
0.0760969 -0.0422349 0.0760969 -0.279709 L
0.123382 -0.0503353 0.123382 -0.433512 L
0.900716 -0.014386 0.900716 0.12154 L
0.174088 0.0556108 0.174088 -0.573664 U
0.98399 -0.00354349 0.98399 0.26359 L
0.89774 -0.0147554 0.89774 0.118415 L
0.844142 -0.0212086 0.844142 0.0729681 L
0.841163 -0.0215555 0.841163 0.0708511 L
0.141243 -0.0525178 0.141243 -0.497285 L
0.942367 -0.00906714 0.942367 0.175789 L
0.936418 -0.00984193 0.936418 0.166106 L
0.939393 -0.00945484 0.939393 0.170993 L
0.147207 -0.0531619 0.147207 -0.505961 L
0.933444 -0.0102282 0.933444 0.161541 L
0.180069 0.0560658 0.180069 -0.583277 U
0.93047 -0.0106135 0.93047 0.156847 L
0.0329676 -0.0296191 0.0329676 0.0238604 L
0.924521 -0.0113804 0.924521 0.148618 L
0.927495 -0.0109976 0.927495 0.152638 L
0.91262 -0.0128968 0.91262 0.132893 L
0.921546 -0.0117619 0.921546 0.144771 L
0.918571 -0.0121418 0.918571 0.140453 L
0.909644 -0.0132716 0.909644 0.129828 L
0.186052 0.0564912 0.186052 -0.59882 U
0.915596 -0.0125201 0.915596 0.13648 L
0.141243 0.0525178 0.141243 -0.509447 U
0.903692 -0.0140158 0.903692 0.124408 L
0.900716 0.014386 0.900716 0.113481 U
0.903692 0.0140158 0.903692 0.116218 U
0.132307 -0.051475 0.132307 -0.448888 L
0.153175 -0.0537672 0.153175 -0.518083 L
0.906669 -0.0136446 0.906669 0.127106 L
0.927495 0.0109976 0.927495 0.144755 U
0.0819655 -0.0434754 0.0819655 -0.31894 L
0.150191 -0.0534692 0.150191 -0.510538 L
0.0357603 -0.0307123 0.0357603 -0.0136775 L
0.138263 -0.0521806 0.138263 -0.483314 L
0.144225 -0.0528449 0.144225 -0.498101 L
0.147207 0.0531619 0.147207 -0.534554 U
0.0499574 -0.0355308 0.0499574 -0.120659 L
0.986964 -0.00315759 0.986964 0.260108 L
0.942367 0.00906714 0.942367 0.168202 U
0.073169 -0.0415848 0.073169 -0.267991 L
0.0557169 -0.0372061 0.0557169 -0.173285 L
0.0673279 0.0402207 0.0673279 -0.261239 U
0.12041 0.0499327 0.12041 -0.457039 U
0.102615 -0.0472585 0.102615 -0.396954 L
0.91262 0.0128968 0.91262 0.125112 U
0.12933 -0.0511061 0.12933 -0.429936 L
0.0274483 -0.027272 0.0274483 0.093686 L
0.0586093 -0.0379988 0.0586093 -0.188964 L
0.0442389 -0.0337207 0.0442389 -0.0752904 L
0.0907967 -0.0451971 0.0907967 -0.363005 L
0.135284 0.0518331 0.135284 -0.486893 U
0.0702459 -0.0409137 0.0702459 -0.240785 L
0.0790292 -0.0428649 0.0790292 -0.281023 L
0.11447 0.0490921 0.11447 -0.436123 U
0.093747 0.0457362 0.093747 -0.387748 U
0.0996563 -0.046766 0.0996563 -0.366375 L
0.111503 0.0486533 0.111503 -0.404799 U
0.12933 0.0511061 0.12933 -0.465159 U
0.0967003 0.0462588 0.0967003 -0.39371 U
0.945341 0.00867892 0.945341 0.173206 U
0.966152 0.00591089 0.966152 0.210079 U
0.0878495 -0.044641 0.0878495 -0.335359 L
0.0760969 0.0422349 0.0760969 -0.302951 U
0.0052443 -0.0123354 0.0052443 0.852656 L
0.0528325 -0.0363843 0.0528325 -0.135678 L
0.0470925 -0.0346436 0.0470925 -0.0972556 L
0.989935 -0.00274743 0.989935 0.252404 L
0.986964 0.00315759 0.986964 0.240404 U
0.98399 0.00354349 0.98399 0.246985 U
0.0849057 0.0440673 0.0849057 -0.340319 U
0.0142774 -0.0201411 0.0142774 0.379359 L
0.0301958 -0.0284741 0.0301958 0.068271 L
0.0194019 0.0232536 0.0194019 0.233464 U
0.041398 -0.0327597 0.041398 -0.0579489 L
0.992897 0.00227472 0.992897 0.208525 U
0.0385711 0.0317579 0.0385711 -0.0591035 U
0.0615091 0.0387645 0.0615091 -0.207641 U
0.041398 0.0327597 0.041398 -0.0935137 U
0.0586093 0.0379988 0.0586093 -0.189402 U
0.0247294 -0.0260065 0.0247294 0.146707 L
0.0442389 0.0337207 0.0442389 -0.120887 U
0.0052443 0.0123354 0.0052443 0.789217 U
0.0470925 0.0346436 0.0470925 -0.142708 U
0.0528325 0.0363843 0.0528325 -0.177824 U
0.00150441 -0.00423578 0.00150441 1.18372 L
0.000531931 -0.00140119 0.000531931 1.22091 L
0.00946781 -0.0165656 0.00946781 0.572925 L
0.0118232 0.0184194 0.0118232 0.471688 U
0.00724235 0.0145591 0.00724235 0.646611 U
0.00244543 -0.00708219 0.00244543 1.14026 L
0.0247294 0.0260065 0.0247294 0.13965 U
0.0274483 0.027272 0.0274483 0.0775974 U
0.995816 -0.00161465 0.995816 0.213837 L
0.0301958 0.0284741 0.0301958 0.0473267 U
0.000531931 0.00140119 0.000531931 1.22793 U
0.00244543 0.00708219 0.00244543 1.1399 U
0.99863 0.000606558 0.99863 0.319546 U
0.00150441 0.00423578 0.00150441 1.23132 U
0.0702459 0.0409137 0.0702459 -0.274476 U
0.022045 0.02467 0.022045 0.194404 U
