# x y x_over_c Cp side
0.0626062 0.0369664 0.0626062 -0.41083 U
0.909647 -0.0130849 0.909647 0.125749 L
0.0366349 0.0296635 0.0366349 -0.18866 U
0.740433 0.0112167 0.740433 -1.0209 U
0.549814 0.0337103 0.549814 -0.991535 U
0.657118 0.0217367 0.657118 -1.00544 U
0.844402 -0.00325369 0.844402 0.0528018 L
0.66605 0.0206589 0.66605 -1.00792 U
0.868138 -0.00675688 0.868138 0.0782991 L
0.906683 -0.0126259 0.906683 0.122499 L
0.73746 0.0116087 0.73746 -1.0195 U
0.648183 0.0228018 0.648183 -1.00325 U
0.546831 0.0340152 0.546831 -0.992141 U
0.65414 0.0220928 0.65414 -1.00425 U
0.663073 0.0210198 0.663073 -1.00669 U
0.00391702 0.00971616 0.00391702 0.850893 U
0.615414 0.0266195 0.615414 -0.997618 U
0.136729 0.0478924 0.136729 -0.642173 U
0.746379 0.0104286 0.746379 -1.02173 U
0.49608 0.0389114 0.49608 -0.976244 U
0.403401 0.0462863 0.403401 -0.932384 U
0.965917 -0.0220795 0.965917 0.21585 L
0.856272 -0.00499448 0.856272 0.0656675 L
0.355498 0.0491284 0.355498 -0.892477 U
0.9896 -0.0259306 0.9896 0.242855 L
0.948156 -0.0191852 0.948156 0.180992 L
0.352503 0.0492785 0.352503 -0.889394 U
0.516984 0.0369673 0.516984 -0.983609 U
0.829561 -0.00109819 0.829561 0.0351403 L
0.343515 0.0497066 0.343515 -0.881236 U
0.490106 0.0394496 0.490106 -0.974789 U
0.0148549 0.0197191 0.0148549 0.197058 U
0.924462 -0.0154062 0.924462 0.144807 L
0.139717 0.0481535 0.139717 -0.649784 U
0.900755 -0.0117124 0.900755 0.115327 L
0.805809 0.00229121 0.805809 -1.03293 U
0.388436 0.0472552 0.388436 -0.921923 U
0.0254724 0.0252793 0.0254724 -0.0488461 U
0.430326 0.0443882 0.430326 -0.947906 U
0.439298 0.0437082 0.439298 -0.95456 U
0.00994371 0.0162844 0.00994371 0.380337 U
0.609454 0.0272963 0.609454 -0.995843 U
0.877036 -0.00809426 0.877036 0.0883486 L
0.400408 0.0464853 0.400408 -0.929954 U
0.074343 0.0394478 0.074343 -0.449713 U
0.469191 0.0412775 0.469191 -0.968605 U
0.280569 0.0518111 0.280569 -0.841294 U
0.277571 0.0518654 0.277571 -0.841137 U
0.853304 -0.00455784 0.853304 0.0630755 L
0.838466 -0.00238854 0.838466 0.045466 L
0.487119 0.0397163 0.487119 -0.97431 U
0.707716 0.0154597 0.707716 -1.01646 U
0.274572 0.0519147 0.274572 -0.837278 U
0.826593 -0.000670215 0.826593 0.0319608 L
0.262576 0.0520661 0.262576 -0.831902 U
0.513999 0.0372516 0.513999 -0.982389 U
0.731512 0.0123882 0.731512 -1.01784 U
0.0227504 0.024021 0.0227504 -0.00194575 U
0.259577 0.0520925 0.259577 -0.829028 U
0.802839 0.00270888 0.802839 -1.03225 U
0.172404 -0.0606305 0.172404 -0.395707 L
0.957038 -0.0206242 0.957038 0.196599 L
0.0338118 0.0286517 0.0338118 -0.135113 U
0.0596855 0.0362851 0.0596855 -0.381924 U
0.974795 -0.0235429 0.974795 0.24024 L
0.178621 0.050689 0.178621 -0.733593 U
0.00898396 -0.0168329 0.00898396 0.708075 L
0.0432435 -0.0349881 0.0432435 0.0301573 L
0.537879 0.0349201 0.537879 -0.990909 U
0.241151 -0.0662287 0.241151 -0.527824 L
0.00334776 -0.0099267 0.00334776 1.14727 L
0.421036 -0.0693268 0.421036 -0.674475 L
0.151676 0.049096 0.151676 -0.690988 U
0.1996 0.0514968 0.1996 -0.751981 U
0.451022 -0.0687575 0.451022 -0.673261 L
0.888897 -0.00989521 0.888897 0.102273 L
0.124788 0.04674 0.124788 -0.613378 U
0.394045 -0.0696187 0.394045 -0.674687 L
0.445278 0.0432414 0.445278 -0.957912 U
0.0348556 -0.0317353 0.0348556 0.123334 L
0.0714016 0.0388616 0.0714016 -0.415988 U
0.0239657 -0.026712 0.0239657 0.279756 L
0.0861467 0.0415892 0.0861467 -0.488269 U
0.436308 0.0439376 0.436308 -0.952531 U
0.454247 0.0425223 0.454247 -0.962925 U
0.0538643 0.0348385 0.0538643 -0.320197 U
0.373467 0.0481543 0.373467 -0.910064 U
0.379455 0.0478036 0.379455 -0.914598 U
0.367478 0.0484925 0.367478 -0.904099 U
0.51997 -0.0666168 0.51997 -0.676262 L
0.936311 -0.0172888 0.936311 0.162511 L
0.385442 0.0474409 0.385442 -0.919861 U
0.427335 0.0446092 0.427335 -0.945913 U
0.361489 0.0488174 0.361489 -0.898032 U
0.340519 0.0498426 0.340519 -0.878258 U
0.460225 0.042031 0.460225 -0.965625 U
0.334527 0.0501053 0.334527 -0.872701 U
0.498989 -0.0673774 0.498989 -0.663502 L
0.328533 0.0503549 0.328533 -0.867269 U
0.765457 -0.0520465 0.765457 -0.0703222 L
0.316545 0.0508128 0.316545 -0.857838 U
0.645775 -0.0603015 0.645775 -0.139715 L
0.576899 -0.0640985 0.576899 -0.110955 L
0.397415 0.0466817 0.397415 -0.928356 U
0.606474 0.0276324 0.606474 -0.994707 U
0.349507 0.0494248 0.349507 -0.885557 U
0.421353 0.0450425 0.421353 -0.941701 U
0.923803 -0.0381576 0.923803 0.100985 L
0.579894 -0.0639513 0.579894 -0.116085 L
0.466203 0.0415308 0.466203 -0.967415 U
0.0831905 0.0410828 0.0831905 -0.476552 U
0.0950326 0.0430013 0.0950326 -0.537834 U
0.905893 -0.0399036 0.905893 0.0743713 L
0.896936 -0.0407553 0.896936 0.0643902 L
0.570695 0.0315339 0.570695 -0.988774 U
0.50504 0.0380913 0.50504 -0.977729 U
0.954078 -0.0201425 0.954078 0.191431 L
0.814717 0.0010298 0.814717 -1.03552 U
0.112866 0.0454028 0.112866 -0.592743 U
0.511013 0.0375338 0.511013 -0.980542 U
0.787986 0.00477651 0.787986 -1.02906 U
0.484001 -0.0678599 0.484001 -0.661138 L
0.475168 0.0407647 0.475168 -0.970271 U
0.0982597 -0.0496333 0.0982597 -0.268428 L
0.175386 -0.0609483 0.175386 -0.401113 L
0.71664 0.0143152 0.71664 -1.01635 U
0.145605 -0.0574039 0.145605 -0.389624 L
0.145695 0.0486447 0.145695 -0.674575 U
0.157661 0.0495096 0.157661 -0.703193 U
0.686887 0.0180913 0.686887 -1.01189 U
0.163647 0.0498878 0.163647 -0.713406 U
0.166641 0.0500641 0.166641 -0.719242 U
0.101203 -0.0502113 0.101203 -0.267872 L
0.484131 0.0399811 0.484131 -0.973674 U
0.0266467 -0.0280557 0.0266467 0.241533 L
0.244145 -0.0664004 0.244145 -0.530766 L
0.642227 0.0235067 0.642227 -1.00221 U
0.77313 0.00681946 0.77313 -1.02734 U
0.196602 0.0514024 0.196602 -0.747313 U
0.618394 0.026279 0.618394 -0.997666 U
0.543847 0.0343186 0.543847 -0.991058 U
0.534894 0.0352183 0.534894 -0.990276 U
0.52594 0.0361016 0.52594 -0.986658 U
0.397044 -0.0695959 0.397044 -0.673239 L
0.409385 0.045881 0.409385 -0.935525 U
0.499067 0.0386398 0.499067 -0.975332 U
0.103941 0.0442661 0.103941 -0.586979 U
0.25058 0.0521429 0.25058 -0.821625 U
0.439028 -0.0690172 0.439028 -0.672825 L
0.424035 -0.0692824 0.424035 -0.6766 L
0.885932 -0.00944326 0.885932 0.0986873 L
0.34006 -0.069517 0.34006 -0.628031 L
0.454021 -0.0686865 0.454021 -0.671652 L
0.406041 -0.0695125 0.406041 -0.673585 L
0.971836 -0.0230552 0.971836 0.232896 L
0.29856 0.0513877 0.29856 -0.844232 U
0.522955 0.0363922 0.522955 -0.985534 U
0.522967 -0.0664996 0.522967 -0.678142 L
0.463015 -0.0684601 0.463015 -0.668845 L
0.501987 -0.0672756 0.501987 -0.665205 L
0.81329 -0.0482104 0.81329 -0.0298504 L
0.711617 -0.0560032 0.711617 -0.10821 L
0.648769 -0.0601206 0.648769 -0.139102 L
0.486999 -0.0677667 0.486999 -0.659875 L
0.777417 -0.0511131 0.777417 -0.0595101 L
0.926788 -0.037861 0.926788 0.105376 L
0.768447 -0.0518147 0.768447 -0.0680186 L
0.58289 -0.0638022 0.58289 -0.121241 L
0.917834 -0.0387463 0.917834 0.0913819 L
0.899921 -0.0404723 0.899921 0.0679281 L
0.908878 -0.039617 0.908878 0.0779833 L
0.956626 -0.0348349 0.956626 0.159981 L
0.627811 -0.061364 0.627811 -0.142328 L
0.764214 0.00803307 0.764214 -1.02583 U
0.478156 0.0405054 0.478156 -0.971503 U
0.704741 0.0158391 0.704741 -1.0161 U
0.558764 0.0327861 0.558764 -0.990768 U
0.184614 0.0509555 0.184614 -0.741102 U
0.304555 0.0512119 0.304555 -0.849262 U
0.696656 -0.0570355 0.696656 -0.118666 L
0.687679 -0.057641 0.687679 -0.124136 L
0.962958 -0.0215929 0.962958 0.209938 L
0.945195 -0.0187097 0.945195 0.176489 L
0.0161718 -0.0222256 0.0161718 0.437339 L
0.289565 0.0516197 0.289565 -0.83739 U
0.190608 0.051193 0.190608 -0.744064 U
0.226587 0.0520515 0.226587 -0.793489 U
0.106914 0.0446586 0.106914 -0.574978 U
0.310073 -0.0689912 0.310073 -0.589323 L
0.121805 0.0464237 0.121805 -0.611766 U
0.798345 -0.0494422 0.798345 -0.043375 L
0.789376 -0.0501642 0.789376 -0.0498722 L
0.933349 -0.0168165 0.933349 0.157601 L
0.17263 0.0503922 0.17263 -0.729983 U
0.567713 0.031849 0.567713 -0.9892 U
0.385047 -0.0696712 0.385047 -0.670879 L
0.591569 0.0292884 0.591569 -0.990509 U
0.986459 -0.0317471 0.986459 0.21556 L
0.579642 0.0305812 0.579642 -0.987398 U
0.728538 0.0127758 0.728538 -1.01726 U
0.597532 0.0286311 0.597532 -0.991879 U
0.118913 -0.0533998 0.118913 -0.317428 L
0.779073 0.00600514 0.779073 -1.0282 U
0.9215 -0.0149388 0.9215 0.139974 L
0.87407 -0.00764709 0.87407 0.0848035 L
0.603493 0.0279669 0.603493 -0.993729 U
0.00681756 -0.0147628 0.00681756 0.791053 L
0.110047 -0.0518629 0.110047 -0.311176 L
0.897791 -0.0112569 0.897791 0.112279 L
0.915574 -0.0140085 0.915574 0.132581 L
0.57666 0.0309001 0.57666 -0.988028 U
0.627332 0.0252489 0.627332 -1.00005 U
0.286567 0.0516881 0.286567 -0.841525 U
0.755298 0.00923642 0.755298 -1.02428 U
0.63329 0.0245556 0.63329 -1.00118 U
0.986642 -0.0254345 0.986642 0.249163 L
0.202598 0.0515846 0.202598 -0.756412 U
0.980717 -0.0244962 0.980717 0.254923 L
0.862205 -0.00587253 0.862205 0.0715582 L
0.785015 0.00518696 0.785015 -1.02897 U
0.639248 0.0238575 0.639248 -1.00188 U
0.811748 0.00145163 0.811748 -1.03494 U
0.835498 -0.00195739 0.835498 0.0424252 L
0.850337 -0.00412232 0.850337 0.0597899 L
0.998193 -0.029535 0.998193 0.268352 L
0.823624 -0.00024339 0.823624 0.0284572 L
0.208594 0.0517402 0.208594 -0.765254 U
0.585606 0.0299386 0.585606 -0.988727 U
0.799868 0.0031251 0.799868 -1.03114 U
0.0979998 0.0434382 0.0979998 -0.549004 U
0.220589 0.0519727 0.220589 -0.782498 U
0.115844 0.0457554 0.115844 -0.610118 U
0.770158 0.00722508 0.770158 -1.02688 U
0.761242 0.00843537 0.761242 -1.02528 U
0.271573 0.0519593 0.271573 -0.83486 U
0.752325 0.00963509 0.752325 -1.02339 U
0.229586 0.0520821 0.229586 -0.799132 U
0.265575 0.0520351 0.265575 -0.829294 U
0.713666 0.0146977 0.713666 -1.0168 U
0.683911 0.0184623 0.683911 -1.01134 U
0.725564 0.013162 0.725564 -1.01676 U
0.701766 0.0162174 0.701766 -1.01554 U
0.677958 0.0192003 0.677958 -1.00989 U
0.695815 0.0169706 0.695815 -1.0141 U
0.235584 0.0521263 0.235584 -0.807642 U
0.256578 0.0521141 0.256578 -0.828386 U
0.672005 0.0199326 0.672005 -1.00835 U
0.680935 0.018832 0.680935 -1.01041 U
0.782044 0.00559651 0.782044 -1.02857 U
0.169422 -0.0603051 0.169422 -0.413964 L
0.882967 -0.00899241 0.882967 0.0951359 L
0.792366 -0.0499248 0.792366 -0.0477388 L
0.391046 -0.0696389 0.391046 -0.675224 L
0.307075 -0.0689192 0.307075 -0.583496 L
0.238157 -0.0660518 0.238157 -0.524373 L
0.481003 -0.0679513 0.481003 -0.662258 L
0.693664 -0.0572385 0.693664 -0.120447 L
0.89395 -0.0410377 0.89395 0.0600251 L
0.795356 -0.0496842 0.795356 -0.0456842 L
0.570907 -0.0643883 0.570907 -0.113879 L
0.690672 -0.0574404 0.690672 -0.122356 L
0.582624 0.0302609 0.582624 -0.98799 U
0.478005 -0.0680409 0.478005 -0.6612 L
0.388046 -0.0696564 0.388046 -0.672844 L
0.493093 0.0391813 0.493093 -0.974923 U
0.406393 0.0460848 0.406393 -0.933462 U
0.573903 -0.064244 0.573903 -0.108423 L
0.902907 -0.0401885 0.902907 0.0713748 L
0.804323 -0.0489538 0.804323 -0.038184 L
0.283568 0.051752 0.283568 -0.838809 U
0.702641 -0.0566258 0.702641 -0.114268 L
0.684687 -0.0578403 0.684687 -0.126187 L
0.304077 -0.0688433 0.304077 -0.577067 L
0.801334 -0.0491987 0.801334 -0.0413857 L
0.914849 -0.0390382 0.914849 0.086776 L
0.699649 -0.0568312 0.699649 -0.116513 L
0.115955 -0.0528997 0.115955 -0.315948 L
0.681694 -0.0580383 0.681694 -0.128033 L
0.235163 -0.0658696 0.235163 -0.518308 L
0.810301 -0.0484596 0.810301 -0.0330125 L
0.58888 -0.0634985 0.58888 -0.1286 L
0.708625 -0.0562118 0.708625 -0.110384 L
0.678701 -0.058235 0.678701 -0.1296 L
0.166442 -0.0599719 0.166442 -0.426652 L
0.911864 -0.0393285 0.911864 0.0822487 L
0.492994 -0.0675753 0.492994 -0.661506 L
0.807313 -0.0487074 0.807313 -0.0356219 L
0.705633 -0.0564193 0.705633 -0.11233 L
0.594871 -0.0631876 0.594871 -0.133998 L
0.169635 0.0502322 0.169635 -0.725323 U
0.675708 -0.0584303 0.675708 -0.131341 L
0.585885 -0.0636513 0.585885 -0.125665 L
0.672715 -0.0586242 0.672715 -0.132895 L
0.600861 -0.0628698 0.600861 -0.137703 L
0.489996 -0.0676718 0.489996 -0.660198 L
0.932756 -0.0372643 0.932756 0.116279 L
0.920818 -0.0384527 0.920818 0.0959472 L
0.819268 -0.0477082 0.819268 -0.0238808 L
0.7176 -0.055583 0.7176 -0.104709 L
0.60685 -0.0625455 0.60685 -0.140246 L
0.633799 -0.0610145 0.633799 -0.14202 L
0.394422 0.0468755 0.394422 -0.926143 U
0.591875 -0.0633439 0.591875 -0.131407 L
0.962592 -0.0342106 0.962592 0.175261 L
0.495992 -0.0674772 0.495992 -0.661907 L
0.669722 -0.0588166 0.669722 -0.134138 L
0.666729 -0.0590075 0.666729 -0.135414 L
0.825245 -0.047201 0.825245 -0.0173939 L
0.884992 -0.0418791 0.884992 0.0481165 L
0.929772 -0.0375632 0.929772 0.110753 L
0.714609 -0.0557936 0.714609 -0.106435 L
0.723584 -0.0551591 0.723584 -0.100953 L
0.292563 0.0515467 0.292563 -0.839146 U
0.816279 -0.0479599 0.816279 -0.0270758 L
0.597866 -0.0630295 0.597866 -0.135934 L
0.630805 -0.0611899 0.630805 -0.142265 L
0.391429 0.0470667 0.391429 -0.924043 U
0.624817 -0.0615369 0.624817 -0.142833 L
0.603855 -0.0627084 0.603855 -0.138832 L
0.953643 -0.0351444 0.953643 0.153871 L
0.660743 -0.0593847 0.660743 -0.1376 L
0.882005 -0.0421575 0.882005 0.0443326 L
0.959609 -0.0345236 0.959609 0.167271 L
0.822256 -0.0474552 0.822256 -0.0205485 L
0.720592 -0.0553715 0.720592 -0.102854 L
0.481144 0.0402442 0.481144 -0.973149 U
0.663736 -0.0591969 0.663736 -0.136726 L
0.618828 -0.0618787 0.618828 -0.142876 L
0.612839 -0.062215 0.612839 -0.142082 L
0.31607 -0.0691241 0.31607 -0.599613 L
0.507981 -0.0670648 0.507981 -0.669848 L
0.295561 0.0514693 0.295561 -0.84136 U
0.890964 -0.0413191 0.890964 0.055817 L
0.346511 0.0495674 0.346511 -0.882641 U
0.621823 -0.0617085 0.621823 -0.142918 L
0.944692 -0.0360603 0.944692 0.138027 L
0.573678 0.0312176 0.573678 -0.989023 U
0.651762 -0.0599386 0.651762 -0.138725 L
0.73555 -0.0542973 0.73555 -0.0943597 L
0.831221 -0.0466892 0.831221 -0.0114281 L
0.657749 -0.059571 0.657749 -0.138472 L
0.786387 -0.0504027 0.786387 -0.0522959 L
0.615834 -0.0620476 0.615834 -0.142553 L
0.741532 -0.0538577 0.741532 -0.08997 L
0.609845 -0.062381 0.609845 -0.141418 L
0.887978 -0.0415996 0.887978 0.0520513 L
0.95066 -0.0354519 0.95066 0.148001 L
0.837197 -0.0461731 0.837197 -0.00467309 L
0.726575 -0.0549458 0.726575 -0.0996385 L
0.223588 0.0520151 0.223588 -0.788965 U
0.382449 0.0476237 0.382449 -0.917833 U
0.747514 -0.0534125 0.747514 -0.0850508 L
0.774427 -0.051348 0.774427 -0.0620817 L
0.567911 -0.0645314 0.567911 -0.200695 L
0.639787 -0.0606602 0.639787 -0.141164 L
0.941708 -0.0363622 0.941708 0.132648 L
0.783397 -0.0506404 0.783397 -0.054625 L
0.654756 -0.0597556 0.654756 -0.138668 L
0.729567 -0.0547311 0.729567 -0.0984119 L
0.843173 -0.0456532 0.843173 0.0018799 L
0.828233 -0.0469456 0.828233 -0.0144287 L
0.732558 -0.054515 0.732558 -0.0965499 L
0.947676 -0.0357571 0.947676 0.142946 L
0.780407 -0.0508772 0.780407 -0.0571097 L
0.834209 -0.0464317 0.834209 -0.00821828 L
0.504984 -0.0671713 0.504984 -0.667157 L
0.938724 -0.0366636 0.938724 0.126516 L
0.849148 -0.0451297 0.849148 0.00816899 L
0.93574 -0.0369644 0.93574 0.121576 L
0.642781 -0.0604814 0.642781 -0.140362 L
0.738541 -0.0540782 0.738541 -0.0921633 L
0.771437 -0.0515819 0.771437 -0.0648445 L
0.879019 -0.0424347 0.879019 0.0405701 L
0.301558 0.0513018 0.301558 -0.84596 U
0.376461 0.0479805 0.376461 -0.912593 U
0.840185 -0.0459136 0.840185 -0.0012371 L
0.636793 -0.0608379 0.636793 -0.14169 L
0.744523 -0.0536358 0.744523 -0.0874686 L
0.564916 -0.0646732 0.564916 -0.487563 L
0.358493 0.0489747 0.358493 -0.895057 U
0.846161 -0.0453919 0.846161 0.00522932 L
0.555928 -0.0650905 0.555928 -0.689044 L
0.337523 0.0499756 0.337523 -0.875505 U
0.370473 0.048325 0.370473 -0.907502 U
0.56192 -0.0648137 0.56192 -0.683104 L
0.756486 -0.052735 0.756486 -0.0780143 L
0.313072 -0.0690595 0.313072 -0.594397 L
0.364483 0.0486566 0.364483 -0.901335 U
0.759476 -0.0525067 0.759476 -0.0752964 L
0.762467 -0.0522772 0.762467 -0.0727085 L
0.876033 -0.0427107 0.876033 0.0370145 L
0.558924 -0.0649528 0.558924 -0.686995 L
0.52896 -0.0662592 0.52896 -0.681945 L
0.546939 -0.0654948 0.546939 -0.688262 L
0.307553 0.0511179 0.307553 -0.848988 U
0.750504 -0.053188 0.750504 -0.0825392 L
0.47218 0.0410221 0.47218 -0.969363 U
0.552932 -0.0652268 0.552932 -0.68817 L
0.33153 0.0502318 0.33153 -0.869907 U
0.753495 -0.0529621 0.753495 -0.0804339 L
0.540946 -0.0657565 0.540946 -0.686674 L
0.852136 -0.0448668 0.852136 0.0109089 L
0.534954 -0.0660114 0.534954 -0.684732 L
0.516973 -0.066732 0.516973 -0.674468 L
0.310551 0.05102 0.310551 -0.85176 U
0.549935 -0.0653616 0.549935 -0.688083 L
0.403042 -0.0695427 0.403042 -0.674533 L
0.313548 0.0509183 0.313548 -0.854195 U
0.325537 0.0504746 0.325537 -0.864584 U
0.32254 0.0505909 0.32254 -0.862144 U
0.525963 -0.0663804 0.525963 -0.679744 L
0.319543 0.0507037 0.319543 -0.859377 U
0.513976 -0.0668451 0.513976 -0.673621 L
0.543943 -0.0656265 0.543943 -0.686832 L
0.418361 0.0452555 0.418361 -0.940577 U
0.322067 -0.0692426 0.322067 -0.606201 L
0.241582 0.0521486 0.241582 -0.813309 U
0.53795 -0.0658848 0.53795 -0.685107 L
0.113 -0.0523875 0.113 -0.307655 L
0.531957 -0.0661362 0.531957 -0.682973 L
0.612434 0.0269587 0.612434 -0.99635 U
0.873046 -0.0429853 0.873046 0.0327842 L
0.855124 -0.0446027 0.855124 0.0131734 L
0.412039 -0.069445 0.412039 -0.67518 L
0.415369 0.0454662 0.415369 -0.939701 U
0.400043 -0.0695705 0.400043 -0.672802 L
0.689863 0.017719 0.689863 -1.01273 U
0.510979 -0.066956 0.510979 -0.671387 L
0.870059 -0.0432586 0.870059 0.0287306 L
0.37605 -0.0696986 0.37605 -0.665402 L
0.328065 -0.0693472 0.328065 -0.612292 L
0.51997 0.0366808 0.51997 -0.984662 U
0.412377 0.0456748 0.412377 -0.937678 U
0.463214 0.041782 0.463214 -0.966656 U
0.56473 0.0321627 0.56473 -0.99052 U
0.669028 0.0202965 0.669028 -1.00752 U
0.319069 -0.0691851 0.319069 -0.60185 L
0.40904 -0.0694799 0.40904 -0.673697 L
0.424344 0.0448272 0.424344 -0.943806 U
0.23217 -0.0656821 0.23217 -0.51625 L
0.232585 0.052107 0.232585 -0.80463 U
0.175626 0.0505445 0.175626 -0.727045 U
0.861098 -0.0440698 0.861098 0.0188358 L
0.418037 -0.0693685 0.418037 -0.674849 L
0.867072 -0.0435305 0.867072 0.025335 L
0.561747 0.0324751 0.561747 -0.99033 U
0.47201 -0.0682145 0.47201 -0.666709 L
0.710691 0.0150792 0.710691 -1.01641 U
0.457236 0.0422778 0.457236 -0.964751 U
0.373051 -0.0697018 0.373051 -0.662167 L
0.325066 -0.0692966 0.325066 -0.608181 L
0.858111 -0.0443371 0.858111 0.0155636 L
0.475007 -0.0681286 0.475007 -0.662542 L
0.250134 -0.0667289 0.250134 -0.539592 L
0.864085 -0.0438009 0.864085 0.0221981 L
0.808778 0.00187211 0.808778 -1.03395 U
0.415038 -0.0694078 0.415038 -0.673633 L
0.469012 -0.0682984 0.469012 -0.666322 L
0.451258 0.0427644 0.451258 -0.961825 U
0.118824 0.0460956 0.118824 -0.619085 U
0.433317 0.0441643 0.433317 -0.949861 U
0.430032 -0.0691847 0.430032 -0.676748 L
0.528925 0.0358091 0.528925 -0.988236 U
0.600512 0.0282998 0.600512 -0.992747 U
0.636269 0.0242072 0.636269 -1.00171 U
0.448268 0.0430041 0.448268 -0.959879 U
0.295082 -0.0685918 0.295082 -0.560698 L
0.466013 -0.0683803 0.466013 -0.668114 L
0.460017 -0.0685378 0.460017 -0.670839 L
0.555781 0.0330957 0.555781 -0.991231 U
0.238583 0.0521402 0.238583 -0.812225 U
0.692839 0.0173454 0.692839 -1.01357 U
0.370051 -0.0697019 0.370051 -0.660641 L
0.442288 0.0434761 0.442288 -0.955915 U
0.53191 0.0355146 0.53191 -0.989128 U
0.552798 0.0334038 0.552798 -0.991361 U
0.229177 -0.0654891 0.229177 -0.510347 L
0.508027 0.0378137 0.508027 -0.979454 U
0.59455 0.0289606 0.59455 -0.991107 U
0.540863 0.0346202 0.540863 -0.9909 U
0.457019 -0.0686133 0.457019 -0.669867 L
0.427034 -0.069235 0.427034 -0.676151 L
0.674982 0.0195671 0.674982 -1.00891 U
0.502054 0.0383666 0.502054 -0.976353 U
0.256125 -0.0670378 0.256125 -0.538947 L
0.382048 -0.0696832 0.382048 -0.670001 L
0.247139 -0.0665671 0.247139 -0.534999 L
0.588588 0.0296144 0.588588 -0.989642 U
0.343059 -0.0695515 0.343059 -0.632288 L
0.790957 0.00436521 0.790957 -1.0293 U
0.951117 -0.0196627 0.951117 0.185552 L
0.244581 0.0521519 0.244581 -0.81883 U
0.445025 -0.0688923 0.445025 -0.673036 L
0.630311 0.0249029 0.630311 -1.00067 U
0.292085 -0.0684997 0.292085 -0.555023 L
0.367052 -0.0696989 0.367052 -0.657047 L
0.645205 0.0231548 0.645205 -1.00287 U
0.43603 -0.0690757 0.43603 -0.675547 L
0.301078 -0.0687635 0.301078 -0.571606 L
0.448024 -0.0688261 0.448024 -0.671712 L
0.621373 0.025937 0.621373 -0.99867 U
0.624353 0.0255936 0.624353 -0.99943 U
0.767186 0.00762963 0.767186 -1.0263 U
0.379049 -0.0696923 0.379049 -0.666752 L
0.247581 0.0521499 0.247581 -0.819775 U
0.442027 -0.068956 0.442027 -0.672011 L
0.268574 0.0519994 0.268574 -0.830879 U
0.346058 -0.0695827 0.346058 -0.63754 L
0.364053 -0.0696927 0.364053 -0.655397 L
0.651162 0.0224478 0.651162 -1.00387 U
0.433031 -0.0691316 0.433031 -0.674465 L
0.776101 0.0064128 0.776101 -1.02785 U
0.253579 0.052131 0.253579 -0.825167 U
0.253129 -0.0668857 0.253129 -0.536759 L
0.160654 0.049703 0.160654 -0.70949 U
0.337061 -0.0694793 0.337061 -0.624025 L
0.181617 0.0508259 0.181617 -0.735811 U
0.124833 -0.0543653 0.124833 -0.330489 L
0.29808 -0.0686797 0.29808 -0.564782 L
0.361054 -0.0696831 0.361054 -0.651667 L
0.719615 0.0139317 0.719615 -1.01621 U
0.871104 -0.00720128 0.871104 0.0815711 L
0.289087 -0.0684033 0.289087 -0.552089 L
0.352056 -0.0696337 0.352056 -0.646397 L
0.660095 0.0213791 0.660095 -1.00567 U
0.334062 -0.0694385 0.334062 -0.619343 L
0.331064 -0.0693945 0.331064 -0.615269 L
0.358055 -0.0696702 0.358055 -0.651296 L
0.734486 0.0119992 0.734486 -1.01868 U
0.265112 -0.067466 0.265112 -0.532055 L
0.968557 -0.0335809 0.968557 0.190975 L
0.69879 0.0165946 0.69879 -1.01489 U
0.349057 -0.0696101 0.349057 -0.64188 L
0.0690312 -0.0429315 0.0690312 -0.125463 L
0.722589 0.0135473 0.722589 -1.0164 U
0.965575 -0.0338963 0.965575 0.183258 L
0.181353 -0.0615614 0.181353 -0.413582 L
0.28609 -0.0683025 0.28609 -0.546565 L
0.226184 -0.0652906 0.226184 -0.505457 L
0.355056 -0.0696537 0.355056 -0.647894 L
0.25912 -0.0671851 0.25912 -0.535864 L
0.97154 -0.033265 0.97154 0.200141 L
0.83253 -0.00152726 0.83253 0.0386414 L
0.974522 -0.0329495 0.974522 0.209961 L
0.977506 -0.03264 0.977506 0.222363 L
0.743406 0.0108233 0.743406 -1.02103 U
0.262116 -0.0673279 0.262116 -0.531016 L
0.268108 -0.0675996 0.268108 -0.531779 L
0.187611 0.0510778 0.187611 -0.741582 U
0.98049 -0.0323407 0.98049 0.228482 L
0.903719 -0.0121686 0.903719 0.119003 L
0.277098 -0.0679726 0.277098 -0.544762 L
0.283092 -0.0681972 0.283092 -0.546544 L
0.749352 0.0100325 0.749352 -1.02248 U
0.880001 -0.00854272 0.880001 0.0918905 L
0.817686 0.000606656 0.817686 -1.00385 U
0.127772 0.0470447 0.127772 -0.624276 U
0.983475 -0.0320466 0.983475 0.225546 L
0.223192 -0.0650864 0.223192 -0.497767 L
0.154668 0.0493074 0.154668 -0.694169 U
0.121872 -0.0538883 0.121872 -0.313549 L
0.178369 -0.0612586 0.178369 -0.407996 L
0.013688 -0.0205463 0.013688 0.516784 L
0.796898 0.00353981 0.796898 -1.03017 U
0.271105 -0.0677287 0.271105 -0.536719 L
0.891861 -0.0103482 0.891861 0.105203 L
0.211593 0.051808 0.211593 -0.772017 U
0.75827 0.0088365 0.75827 -1.02466 U
0.274101 -0.0678532 0.274101 -0.539495 L
0.280095 -0.0680873 0.280095 -0.541252 L
0.214591 0.0518693 0.214591 -0.777126 U
0.21759 0.0519241 0.21759 -0.780835 U
0.13076 -0.0552861 0.13076 -0.355588 L
0.841434 -0.00282066 0.841434 0.049068 L
0.820655 0.000182247 0.820655 0.0411435 U
0.193605 0.0513011 0.193605 -0.748608 U
0.205596 0.0516657 0.205596 -0.762798 U
0.187323 -0.0621456 0.187323 -0.436756 L
0.133742 0.0476207 0.133742 -0.636835 U
0.865172 -0.00631395 0.865172 0.0749684 L
0.847369 -0.0036876 0.847369 0.0559462 L
0.2202 -0.0648763 0.2202 -0.494963 L
0.930387 -0.0163452 0.930387 0.153 L
0.184338 -0.0618571 0.184338 -0.422244 L
0.0213211 -0.0252983 0.0213211 0.329189 L
0.130756 0.0473382 0.130756 -0.62941 U
0.127795 -0.0548312 0.127795 -0.336873 L
0.0661345 -0.0421542 0.0661345 -0.109909 L
0.217209 -0.0646603 0.217209 -0.486556 L
0.100969 0.0438595 0.100969 -0.569946 U
0.894826 -0.0108021 0.894826 0.108922 L
0.968877 -0.022567 0.968877 0.224141 L
0.148685 0.0488752 0.148685 -0.683661 U
0.0777543 -0.0451363 0.0777543 -0.180687 L
0.0655328 0.0376221 0.0655328 -0.422868 U
0.142706 0.0484042 0.142706 -0.663881 U
0.859239 -0.0054327 0.859239 0.0684745 L
0.163462 -0.0596307 0.163462 -0.42848 L
0.912611 -0.0135458 0.912611 0.128721 L
0.109889 0.0450373 0.109889 -0.585301 U
0.0891058 0.0420774 0.0891058 -0.503539 U
0.0603603 -0.0405301 0.0603603 -0.0728814 L
0.918537 -0.0144728 0.918537 0.135965 L
0.214218 -0.0644382 0.214218 -0.48088 L
0.142633 -0.0570007 0.142633 -0.385783 L
0.0835935 -0.0465083 0.0835935 -0.200823 L
0.107097 -0.0513257 0.107097 -0.301539 L
0.927425 -0.0158751 0.927425 0.148339 L
0.157505 -0.0589235 0.157505 -0.417119 L
0.151553 -0.0581819 0.151553 -0.406238 L
0.0953197 -0.0490407 0.0953197 -0.261176 L
0.939272 -0.0177618 0.939272 0.166539 L
0.0894493 -0.0478084 0.0894493 -0.236392 L
0.0772884 0.0400128 0.0772884 -0.474075 U
0.160483 -0.0592813 0.160483 -0.421764 L
0.205248 -0.0637336 0.205248 -0.467121 L
0.133726 -0.0557303 0.133726 -0.381606 L
0.196283 -0.0629697 0.196283 -0.455765 L
0.211227 -0.0642098 0.211227 -0.469045 L
0.208237 -0.063975 0.208237 -0.458781 L
0.136694 -0.056164 0.136694 -0.387585 L
0.98944 -0.0314231 0.98944 0.200582 L
0.0920679 0.0425479 0.0920679 -0.515981 U
0.139663 -0.0565874 0.139663 -0.377657 L
0.190309 -0.0624272 0.190309 -0.441641 L
0.0546157 -0.0388045 0.0546157 -0.0440414 L
0.942234 -0.0182355 0.942234 0.171616 L
0.154529 -0.0585571 0.154529 -0.408734 L
0.19927 -0.0632309 0.19927 -0.460582 L
0.0748415 -0.0444216 0.0748415 -0.168514 L
0.148579 -0.0577976 0.148579 -0.391661 L
0.193295 -0.0627018 0.193295 -0.449356 L
0.0320957 -0.0305617 0.0320957 0.158025 L
0.0802377 0.0405576 0.0802377 -0.477431 U
0.104148 -0.0507753 0.104148 -0.279881 L
0.793927 0.00395307 0.793927 -1.03002 U
0.202259 -0.0634855 0.202259 -0.466981 L
0.0806717 -0.0458316 0.0806717 -0.184878 L
0.0719337 -0.043687 0.0719337 -0.152175 L
0.0923828 -0.0484327 0.0923828 -0.259325 L
0.0632441 -0.0413541 0.0632441 -0.0939089 L
0.98368 -0.0249626 0.98368 0.254282 L
0.959998 -0.0211077 0.959998 0.202763 L
0.0865195 -0.0471671 0.0865195 -0.221056 L
0.057484 -0.0396807 0.057484 -0.0542912 L
0.0684648 0.0382534 0.0684648 -0.423516 U
0.00488477 -0.0124821 0.00488477 0.979533 L
0.0489071 -0.0369631 0.0489071 -0.0118204 L
0.977755 -0.0240245 0.977755 0.249899 L
0.0517563 -0.0378995 0.0517563 -0.0265609 L
0.0394749 0.0306273 0.0394749 -0.214445 U
0.00559944 0.0121783 0.00559944 0.652216 U
0.0404316 -0.0339452 0.0404316 0.062064 L
0.0567713 0.0355765 0.0567713 -0.373177 U
0.0451972 0.032425 0.0451972 -0.285327 U
0.992414 -0.0310364 0.992414 0.179644 L
0.0480763 0.0332649 0.0480763 -0.301773 U
0.0509657 0.0340687 0.0509657 -0.306374 U
0.995352 -0.0304612 0.995352 0.151192 L
0.0460692 -0.0359933 0.0460692 0.0162067 L
0.0293582 -0.0293368 0.0293582 0.201385 L
0.0200673 0.0226818 0.0200673 0.0380743 U
0.0423296 0.0315467 0.0423296 -0.24381 U
0.992546 -0.0264889 0.992546 0.227032 L
0.0187201 -0.0238059 0.0187201 0.386816 L
0.037635 -0.032862 0.037635 0.0987952 L
0.0174318 0.0212518 0.0174318 0.115496 U
0.0112846 -0.0187542 0.0112846 0.609433 L
0.0123518 0.0180692 0.0123518 0.270751 U
0.0310079 0.0275874 0.0310079 -0.122718 U
0.995445 -0.0272332 0.995445 0.211049 L
0.0282268 0.0264654 0.0282268 -0.0967915 U
0.00766107 0.0143432 0.00766107 0.48886 U
0.00138107 -0.00427758 0.00138107 1.20567 L
0.000491118 -0.00141601 0.000491118 1.27142 L
0.00223924 -0.00715006 0.00223924 1.19181 L
0.00162648 0.00419042 0.00162648 1.11266 U
0.998228 -0.0283224 0.998228 0.328041 L
0.00264956 0.00700838 0.00264956 1.04464 U
0.000572298 0.00138519 0.000572298 1.16253 U
