Re=100 xr=1.529899 xr/h=3.0598 (Armaly: 3.0)
Re=200 xr=2.6302935 xr/h=5.2606 (Armaly: 5.0)
Re=400 xr=4.295218 xr/h=8.5904 (Armaly: 8.2)
Re=900 xr=6.26087 xr/h=12.52174 (Armaly: 14.0)